0	1	18	55	1	-1	6
0	2	18	59	1	1	14
0	3	18	62	1	1	24
0	4	18	71	1	1	4
0	5	18	78	1	-1	-2
0	6	18	80	1	-1	-14
0	8	18	95	1	1	2
0	9	18	108	1	1	8
0	10	18	128	1	1	4
0	21	18	259	1	1	2
0	23	18	282	1	-1	-2
0	24	18	313	1	1	2
0	26	18	324	1	1	4
0	27	18	331	1	-1	-10
0	28	18	348	1	-1	-2
0	29	18	349	1	-1	-2
0	30	18	352	1	-1	-10
0	31	18	360	1	-1	-12
0	32	18	366	1	-1	-2
0	33	18	367	1	-1	-14
0	35	18	394	1	-1	-4
0	36	18	399	1	-1	-14
0	38	18	416	1	1	4
0	41	18	436	1	1	2
0	43	18	452	1	1	4
1	0	55	18	-1	1	6
1	2	55	59	-1	1	-40
1	3	55	62	-1	1	-34
1	6	55	80	-1	-1	2
1	9	55	108	-1	1	-16
1	10	55	128	-1	1	-4
1	11	55	136	-1	1	-2
1	12	55	143	-1	1	-2
1	15	55	198	-1	1	-4
1	17	55	217	-1	1	-2
1	19	55	233	-1	1	-2
1	21	55	259	-1	1	-4
1	22	55	261	-1	1	-2
1	23	55	282	-1	-1	4
1	24	55	313	-1	1	-6
1	26	55	324	-1	1	-2
1	27	55	331	-1	-1	-2
1	28	55	348	-1	-1	4
1	29	55	349	-1	-1	8
1	30	55	352	-1	-1	4
1	31	55	360	-1	-1	20
1	32	55	366	-1	-1	12
1	33	55	367	-1	-1	12
1	35	55	394	-1	-1	6
1	36	55	399	-1	-1	4
1	38	55	416	-1	1	-10
1	39	55	417	-1	1	-2
1	43	55	452	-1	1	-2
1	44	55	465	-1	1	-6
2	0	59	18	1	1	14
2	1	59	55	1	-1	-40
2	3	59	62	1	1	76
2	4	59	71	1	1	10
2	6	59	80	1	-1	-26
2	8	59	95	1	1	2
2	9	59	108	1	1	10
2	10	59	128	1	1	24
2	12	59	143	1	1	10
2	13	59	186	1	1	2
2	19	59	233	1	1	10
2	22	59	261	1	1	4
2	23	59	282	1	-1	-14
2	24	59	313	1	1	10
2	26	59	324	1	1	4
2	27	59	331	1	-1	-12
2	29	59	349	1	-1	-4
2	31	59	360	1	-1	-4
2	32	59	366	1	-1	-10
2	33	59	367	1	-1	-18
2	35	59	394	1	-1	-2
2	36	59	399	1	-1	-12
2	38	59	416	1	1	6
2	43	59	452	1	1	10
3	0	62	18	1	1	24
3	1	62	55	1	-1	-34
3	2	62	59	1	1	76
3	4	62	71	1	1	12
3	5	62	78	1	-1	-6
3	6	62	80	1	-1	-36
3	7	62	84	1	-1	-2
3	8	62	95	1	1	4
3	9	62	108	1	1	30
3	10	62	128	1	1	6
3	12	62	143	1	1	4
3	13	62	186	1	1	4
3	19	62	233	1	1	6
3	21	62	259	1	1	4
3	23	62	282	1	-1	-6
3	24	62	313	1	1	8
3	26	62	324	1	1	8
3	27	62	331	1	-1	-4
3	28	62	348	1	-1	-6
3	29	62	349	1	-1	-4
3	31	62	360	1	-1	-2
3	33	62	367	1	-1	-16
3	35	62	394	1	-1	-4
3	36	62	399	1	-1	-12
3	38	62	416	1	1	-4
3	39	62	417	1	1	4
3	43	62	452	1	1	4
3	46	62	478	1	1	4
3	47	62	480	1	-1	-8
4	0	71	18	1	1	4
4	2	71	59	1	1	10
4	3	71	62	1	1	12
4	5	71	78	1	-1	-2
4	6	71	80	1	-1	-18
4	8	71	95	1	1	2
4	9	71	108	1	1	6
4	10	71	128	1	1	10
4	11	71	136	1	1	2
4	12	71	143	1	1	10
4	13	71	186	1	1	2
4	22	71	261	1	1	2
4	23	71	282	1	-1	-6
4	26	71	324	1	1	2
4	27	71	331	1	-1	-2
4	30	71	352	1	-1	-2
4	31	71	360	1	-1	-8
4	33	71	367	1	-1	-4
4	36	71	399	1	-1	-8
4	47	71	480	1	-1	-6
5	0	78	18	-1	1	-2
5	3	78	62	-1	1	-6
5	4	78	71	-1	1	-2
5	6	78	80	-1	-1	12
5	9	78	108	-1	1	-2
5	10	78	128	-1	1	-4
5	29	78	349	-1	-1	2
5	33	78	367	-1	-1	4
5	36	78	399	-1	-1	2
5	47	78	480	-1	-1	2
6	0	80	18	-1	1	-14
6	1	80	55	-1	-1	2
6	2	80	59	-1	1	-26
6	3	80	62	-1	1	-36
6	4	80	71	-1	1	-18
6	5	80	78	-1	-1	12
6	8	80	95	-1	1	-18
6	9	80	108	-1	1	-54
6	10	80	128	-1	1	-48
6	12	80	143	-1	1	-4
6	13	80	186	-1	1	-2
6	17	80	217	-1	1	-2
6	21	80	259	-1	1	-2
6	24	80	313	-1	1	-10
6	26	80	324	-1	1	-12
6	27	80	331	-1	-1	2
6	28	80	348	-1	-1	4
6	32	80	366	-1	-1	2
6	33	80	367	-1	-1	10
6	36	80	399	-1	-1	6
6	43	80	452	-1	1	-6
6	44	80	465	-1	1	-2
6	47	80	480	-1	-1	22
6	48	80	482	-1	-1	2
7	3	84	62	-1	1	-2
7	9	84	108	-1	1	-2
7	34	84	387	-1	-1	2
7	39	84	417	-1	1	-2
8	0	95	18	1	1	2
8	2	95	59	1	1	2
8	3	95	62	1	1	4
8	4	95	71	1	1	2
8	6	95	80	1	-1	-18
8	9	95	108	1	1	4
8	10	95	128	1	1	8
8	12	95	143	1	1	4
8	17	95	217	1	1	6
8	19	95	233	1	1	2
8	32	95	366	1	-1	-4
8	36	95	399	1	-1	-6
9	0	108	18	1	1	8
9	1	108	55	1	-1	-16
9	2	108	59	1	1	10
9	3	108	62	1	1	30
9	4	108	71	1	1	6
9	5	108	78	1	-1	-2
9	6	108	80	1	-1	-54
9	7	108	84	1	-1	-2
9	8	108	95	1	1	4
9	10	108	128	1	1	42
9	12	108	143	1	1	16
9	19	108	233	1	1	2
9	21	108	259	1	1	6
9	22	108	261	1	1	2
9	23	108	282	1	-1	-6
9	24	108	313	1	1	6
9	26	108	324	1	1	4
9	27	108	331	1	-1	-6
9	28	108	348	1	-1	-2
9	29	108	349	1	-1	-14
9	30	108	352	1	-1	-2
9	32	108	366	1	-1	-2
9	33	108	367	1	-1	-8
9	36	108	399	1	-1	-2
9	39	108	417	1	1	2
9	43	108	452	1	1	10
9	47	108	480	1	-1	-2
9	48	108	482	1	-1	-8
10	0	128	18	1	1	4
10	1	128	55	1	-1	-4
10	2	128	59	1	1	24
10	3	128	62	1	1	6
10	4	128	71	1	1	10
10	5	128	78	1	-1	-4
10	6	128	80	1	-1	-48
10	8	128	95	1	1	8
10	9	128	108	1	1	42
10	11	128	136	1	1	2
10	12	128	143	1	1	6
10	15	128	198	1	1	4
10	17	128	217	1	1	4
10	21	128	259	1	1	12
10	23	128	282	1	-1	-2
10	26	128	324	1	1	12
10	27	128	331	1	-1	-2
10	29	128	349	1	-1	-6
10	31	128	360	1	-1	-4
10	33	128	367	1	-1	-4
10	36	128	399	1	-1	-2
10	43	128	452	1	1	4
11	1	136	55	1	-1	-2
11	4	136	71	1	1	2
11	10	136	128	1	1	2
11	12	136	143	1	1	6
11	15	136	198	1	1	2
11	26	136	324	1	1	2
11	28	136	348	1	-1	-6
11	33	136	367	1	-1	-8
12	1	143	55	1	-1	-2
12	2	143	59	1	1	10
12	3	143	62	1	1	4
12	4	143	71	1	1	10
12	6	143	80	1	-1	-4
12	8	143	95	1	1	4
12	9	143	108	1	1	16
12	10	143	128	1	1	6
12	11	143	136	1	1	6
12	14	143	193	1	1	2
12	21	143	259	1	1	6
12	23	143	282	1	-1	-2
12	24	143	313	1	1	2
12	28	143	348	1	-1	-4
12	36	143	399	1	-1	-2
12	38	143	416	1	1	8
12	46	143	478	1	1	4
13	2	186	59	1	1	2
13	3	186	62	1	1	4
13	4	186	71	1	1	2
13	6	186	80	1	-1	-2
13	14	186	193	1	1	2
13	16	186	203	1	1	6
13	18	186	230	1	1	4
13	19	186	233	1	1	8
13	20	186	236	1	1	4
13	21	186	259	1	1	12
13	23	186	282	1	-1	-2
13	24	186	313	1	1	10
13	26	186	324	1	1	6
13	27	186	331	1	-1	-4
13	30	186	352	1	-1	-4
13	33	186	367	1	-1	-4
13	41	186	436	1	1	2
13	43	186	452	1	1	2
13	44	186	465	1	1	4
13	49	186	532	1	-1	-6
13	50	186	553	1	-1	-2
14	12	193	143	1	1	2
14	13	193	186	1	1	2
14	16	193	203	1	1	2
14	21	193	259	1	1	2
14	24	193	313	1	1	2
14	34	193	387	1	-1	-4
14	36	193	399	1	-1	-2
15	1	198	55	1	-1	-4
15	10	198	128	1	1	4
15	11	198	136	1	1	2
15	16	198	203	1	1	2
15	17	198	217	1	1	2
15	18	198	230	1	1	2
15	19	198	233	1	1	14
15	23	198	282	1	-1	-8
15	33	198	367	1	-1	-4
15	36	198	399	1	-1	-2
15	47	198	480	1	-1	-2
15	51	198	555	1	-1	-2
16	13	203	186	1	1	6
16	14	203	193	1	1	2
16	15	203	198	1	1	2
16	20	203	236	1	1	6
16	21	203	259	1	1	2
16	23	203	282	1	-1	-6
16	50	203	553	1	-1	-2
16	51	203	555	1	-1	-2
17	1	217	55	1	-1	-2
17	6	217	80	1	-1	-2
17	8	217	95	1	1	6
17	10	217	128	1	1	4
17	15	217	198	1	1	2
17	19	217	233	1	1	4
17	21	217	259	1	1	6
17	22	217	261	1	1	2
17	23	217	282	1	-1	-4
17	26	217	324	1	1	2
17	27	217	331	1	-1	-2
17	36	217	399	1	-1	-2
17	46	217	478	1	1	4
17	49	217	532	1	-1	-2
18	13	230	186	1	1	4
18	15	230	198	1	1	2
18	19	230	233	1	1	4
18	22	230	261	1	1	2
18	23	230	282	1	-1	-4
18	24	230	313	1	1	12
18	26	230	324	1	1	6
18	27	230	331	1	-1	-2
18	29	230	349	1	-1	-2
18	30	230	352	1	-1	-2
18	32	230	366	1	-1	-2
18	38	230	416	1	1	2
19	1	233	55	1	-1	-2
19	2	233	59	1	1	10
19	3	233	62	1	1	6
19	8	233	95	1	1	2
19	9	233	108	1	1	2
19	13	233	186	1	1	8
19	15	233	198	1	1	14
19	17	233	217	1	1	4
19	18	233	230	1	1	4
19	20	233	236	1	1	4
19	21	233	259	1	1	6
19	22	233	261	1	1	4
19	23	233	282	1	-1	-24
19	24	233	313	1	1	4
19	30	233	352	1	-1	-4
19	32	233	366	1	-1	-2
19	33	233	367	1	-1	-8
19	36	233	399	1	-1	-2
19	43	233	452	1	1	8
19	46	233	478	1	1	12
19	52	233	563	1	1	6
19	53	233	568	1	1	2
20	13	236	186	1	1	4
20	16	236	203	1	1	6
20	19	236	233	1	1	4
20	21	236	259	1	1	2
20	22	236	261	1	1	4
20	23	236	282	1	-1	-6
20	24	236	313	1	1	2
20	36	236	399	1	-1	-2
21	0	259	18	1	1	2
21	1	259	55	1	-1	-4
21	3	259	62	1	1	4
21	6	259	80	1	-1	-2
21	9	259	108	1	1	6
21	10	259	128	1	1	12
21	12	259	143	1	1	6
21	13	259	186	1	1	12
21	14	259	193	1	1	2
21	16	259	203	1	1	2
21	17	259	217	1	1	6
21	19	259	233	1	1	6
21	20	259	236	1	1	2
21	22	259	261	1	1	2
21	23	259	282	1	-1	-16
21	24	259	313	1	1	10
21	26	259	324	1	1	2
21	27	259	331	1	-1	-2
21	30	259	352	1	-1	-2
21	31	259	360	1	-1	-4
21	39	259	417	1	1	2
21	43	259	452	1	1	2
21	53	259	568	1	1	2
22	1	261	55	1	-1	-2
22	2	261	59	1	1	4
22	4	261	71	1	1	2
22	9	261	108	1	1	2
22	17	261	217	1	1	2
22	18	261	230	1	1	2
22	19	261	233	1	1	4
22	20	261	236	1	1	4
22	21	261	259	1	1	2
22	24	261	313	1	1	6
22	27	261	331	1	-1	-8
22	28	261	348	1	-1	-2
22	33	261	367	1	-1	-2
22	38	261	416	1	1	2
22	43	261	452	1	1	2
22	48	261	482	1	-1	-2
22	53	261	568	1	1	-2
23	0	282	18	-1	1	-2
23	1	282	55	-1	-1	4
23	2	282	59	-1	1	-14
23	3	282	62	-1	1	-6
23	4	282	71	-1	1	-6
23	9	282	108	-1	1	-6
23	10	282	128	-1	1	-2
23	12	282	143	-1	1	-2
23	13	282	186	-1	1	-2
23	15	282	198	-1	1	-8
23	16	282	203	-1	1	-6
23	17	282	217	-1	1	-4
23	18	282	230	-1	1	-4
23	19	282	233	-1	1	-24
23	20	282	236	-1	1	-6
23	21	282	259	-1	1	-16
23	24	282	313	-1	1	-56
23	26	282	324	-1	1	-14
23	28	282	348	-1	-1	2
23	30	282	352	-1	-1	2
23	31	282	360	-1	-1	2
23	33	282	367	-1	-1	4
23	36	282	399	-1	-1	6
23	39	282	417	-1	1	-6
23	41	282	436	-1	1	-2
23	43	282	452	-1	1	-14
23	47	282	480	-1	-1	6
23	48	282	482	-1	-1	10
23	49	282	532	-1	-1	4
23	50	282	553	-1	-1	2
23	51	282	555	-1	-1	6
23	53	282	568	-1	1	-2
23	54	282	572	-1	1	-4
24	0	313	18	1	1	2
24	1	313	55	1	-1	-6
24	2	313	59	1	1	10
24	3	313	62	1	1	8
24	6	313	80	1	-1	-10
24	9	313	108	1	1	6
24	12	313	143	1	1	2
24	13	313	186	1	1	10
24	14	313	193	1	1	2
24	18	313	230	1	1	12
24	19	313	233	1	1	4
24	20	313	236	1	1	2
24	21	313	259	1	1	10
24	22	313	261	1	1	6
24	23	313	282	1	-1	-56
24	26	313	324	1	1	86
24	27	313	331	1	-1	-34
24	28	313	348	1	-1	-10
24	29	313	349	1	-1	-10
24	30	313	352	1	-1	-10
24	31	313	360	1	-1	-24
24	32	313	366	1	-1	-24
24	33	313	367	1	-1	-44
24	34	313	387	1	-1	-2
24	35	313	394	1	-1	-4
24	36	313	399	1	-1	-18
24	37	313	405	1	-1	-2
24	38	313	416	1	1	4
24	39	313	417	1	1	2
24	43	313	452	1	1	6
24	46	313	478	1	1	2
24	47	313	480	1	-1	-10
24	48	313	482	1	-1	-18
24	49	313	532	1	-1	-2
24	51	313	555	1	-1	-2
24	53	313	568	1	1	18
24	54	313	572	1	1	8
24	55	313	582	1	1	2
25	26	322	324	1	1	2
25	31	322	360	1	-1	-4
25	43	322	452	1	1	2
26	0	324	18	1	1	4
26	1	324	55	1	-1	-2
26	2	324	59	1	1	4
26	3	324	62	1	1	8
26	4	324	71	1	1	2
26	6	324	80	1	-1	-12
26	9	324	108	1	1	4
26	10	324	128	1	1	12
26	11	324	136	1	1	2
26	13	324	186	1	1	6
26	17	324	217	1	1	2
26	18	324	230	1	1	6
26	21	324	259	1	1	2
26	23	324	282	1	-1	-14
26	24	324	313	1	1	86
26	25	324	322	1	1	2
26	27	324	331	1	-1	-164
26	28	324	348	1	-1	-54
26	29	324	349	1	-1	-48
26	30	324	352	1	-1	-34
26	31	324	360	1	-1	-50
26	32	324	366	1	-1	-46
26	33	324	367	1	-1	-76
26	35	324	394	1	-1	-4
26	36	324	399	1	-1	-34
26	37	324	405	1	-1	-4
26	38	324	416	1	1	22
26	39	324	417	1	1	2
26	40	324	422	1	1	4
26	41	324	436	1	1	10
26	42	324	443	1	1	6
26	43	324	452	1	1	34
26	44	324	465	1	1	8
26	45	324	476	1	1	2
26	46	324	478	1	1	2
26	47	324	480	1	-1	-26
26	48	324	482	1	-1	-4
26	49	324	532	1	-1	-4
26	50	324	553	1	-1	-2
26	54	324	572	1	1	4
27	0	331	18	-1	1	-10
27	1	331	55	-1	-1	-2
27	2	331	59	-1	1	-12
27	3	331	62	-1	1	-4
27	4	331	71	-1	1	-2
27	6	331	80	-1	-1	2
27	9	331	108	-1	1	-6
27	10	331	128	-1	1	-2
27	13	331	186	-1	1	-4
27	17	331	217	-1	1	-2
27	18	331	230	-1	1	-2
27	21	331	259	-1	1	-2
27	22	331	261	-1	1	-8
27	24	331	313	-1	1	-34
27	26	331	324	-1	1	-164
27	28	331	348	-1	-1	48
27	29	331	349	-1	-1	42
27	30	331	352	-1	-1	40
27	31	331	360	-1	-1	86
27	32	331	366	-1	-1	26
27	33	331	367	-1	-1	40
27	35	331	394	-1	-1	2
27	36	331	399	-1	-1	38
27	38	331	416	-1	1	-18
27	39	331	417	-1	1	-4
27	41	331	436	-1	1	-2
27	43	331	452	-1	1	-26
27	44	331	465	-1	1	-4
27	46	331	478	-1	1	-6
27	47	331	480	-1	-1	8
27	48	331	482	-1	-1	8
27	49	331	532	-1	-1	2
27	51	331	555	-1	-1	2
27	55	331	582	-1	1	-4
28	0	348	18	-1	1	-2
28	1	348	55	-1	-1	4
28	3	348	62	-1	1	-6
28	6	348	80	-1	-1	4
28	9	348	108	-1	1	-2
28	11	348	136	-1	1	-6
28	12	348	143	-1	1	-4
28	22	348	261	-1	1	-2
28	23	348	282	-1	-1	2
28	24	348	313	-1	1	-10
28	26	348	324	-1	1	-54
28	27	348	331	-1	-1	48
28	29	348	349	-1	-1	44
28	30	348	352	-1	-1	34
28	31	348	360	-1	-1	42
28	32	348	366	-1	-1	12
28	33	348	367	-1	-1	36
28	36	348	399	-1	-1	26
28	38	348	416	-1	1	-4
28	39	348	417	-1	1	-2
28	41	348	436	-1	1	-4
28	43	348	452	-1	1	-16
28	44	348	465	-1	1	-6
28	47	348	480	-1	-1	-2
28	48	348	482	-1	-1	10
28	51	348	555	-1	-1	8
28	53	348	568	-1	1	-4
28	61	348	708	-1	-1	2
29	0	349	18	-1	1	-2
29	1	349	55	-1	-1	8
29	2	349	59	-1	1	-4
29	3	349	62	-1	1	-4
29	5	349	78	-1	-1	2
29	9	349	108	-1	1	-14
29	10	349	128	-1	1	-6
29	18	349	230	-1	1	-2
29	24	349	313	-1	1	-10
29	26	349	324	-1	1	-48
29	27	349	331	-1	-1	42
29	28	349	348	-1	-1	44
29	30	349	352	-1	-1	62
29	31	349	360	-1	-1	48
29	32	349	366	-1	-1	40
29	33	349	367	-1	-1	78
29	35	349	394	-1	-1	16
29	36	349	399	-1	-1	16
29	38	349	416	-1	1	-10
29	39	349	417	-1	1	-2
29	40	349	422	-1	1	-4
29	41	349	436	-1	1	-2
29	43	349	452	-1	1	-18
29	44	349	465	-1	1	-10
29	47	349	480	-1	-1	6
29	48	349	482	-1	-1	4
29	54	349	572	-1	1	-2
29	59	349	687	-1	-1	4
30	0	352	18	-1	1	-10
30	1	352	55	-1	-1	4
30	4	352	71	-1	1	-2
30	9	352	108	-1	1	-2
30	13	352	186	-1	1	-4
30	18	352	230	-1	1	-2
30	19	352	233	-1	1	-4
30	21	352	259	-1	1	-2
30	23	352	282	-1	-1	2
30	24	352	313	-1	1	-10
30	26	352	324	-1	1	-34
30	27	352	331	-1	-1	40
30	28	352	348	-1	-1	34
30	29	352	349	-1	-1	62
30	31	352	360	-1	-1	60
30	32	352	366	-1	-1	46
30	33	352	367	-1	-1	68
30	35	352	394	-1	-1	2
30	36	352	399	-1	-1	24
30	38	352	416	-1	1	-12
30	39	352	417	-1	1	-6
30	40	352	422	-1	1	-2
30	41	352	436	-1	1	-2
30	42	352	443	-1	1	-2
30	43	352	452	-1	1	-22
30	44	352	465	-1	1	-8
30	46	352	478	-1	1	-6
30	47	352	480	-1	-1	20
30	48	352	482	-1	-1	16
30	49	352	532	-1	-1	4
30	58	352	683	-1	-1	2
30	61	352	708	-1	-1	4
31	0	360	18	-1	1	-12
31	1	360	55	-1	-1	20
31	2	360	59	-1	1	-4
31	3	360	62	-1	1	-2
31	4	360	71	-1	1	-8
31	10	360	128	-1	1	-4
31	21	360	259	-1	1	-4
31	23	360	282	-1	-1	2
31	24	360	313	-1	1	-24
31	25	360	322	-1	1	-4
31	26	360	324	-1	1	-50
31	27	360	331	-1	-1	86
31	28	360	348	-1	-1	42
31	29	360	349	-1	-1	48
31	30	360	352	-1	-1	60
31	32	360	366	-1	-1	82
31	33	360	367	-1	-1	148
31	34	360	387	-1	-1	2
31	35	360	394	-1	-1	14
31	36	360	399	-1	-1	72
31	37	360	405	-1	-1	2
31	38	360	416	-1	1	-12
31	39	360	417	-1	1	-6
31	41	360	436	-1	1	-2
31	43	360	452	-1	1	-26
31	44	360	465	-1	1	-4
31	46	360	478	-1	1	-6
31	47	360	480	-1	-1	34
31	48	360	482	-1	-1	16
31	53	360	568	-1	1	2
31	55	360	582	-1	1	-4
31	59	360	687	-1	-1	2
31	62	360	714	-1	-1	4
31	66	360	766	-1	-1	2
32	0	366	18	-1	1	-2
32	1	366	55	-1	-1	12
32	2	366	59	-1	1	-10
32	6	366	80	-1	-1	2
32	8	366	95	-1	1	-4
32	9	366	108	-1	1	-2
32	18	366	230	-1	1	-2
32	19	366	233	-1	1	-2
32	24	366	313	-1	1	-24
32	26	366	324	-1	1	-46
32	27	366	331	-1	-1	26
32	28	366	348	-1	-1	12
32	29	366	349	-1	-1	40
32	30	366	352	-1	-1	46
32	31	366	360	-1	-1	82
32	33	366	367	-1	-1	228
32	34	366	387	-1	-1	8
32	35	366	394	-1	-1	10
32	36	366	399	-1	-1	52
32	38	366	416	-1	1	-12
32	40	366	422	-1	1	-2
32	41	366	436	-1	1	-6
32	43	366	452	-1	1	-22
32	44	366	465	-1	1	-8
32	46	366	478	-1	1	-16
32	47	366	480	-1	-1	28
32	48	366	482	-1	-1	14
32	51	366	555	-1	-1	4
32	53	366	568	-1	1	2
32	65	366	759	-1	-1	4
32	67	366	788	-1	-1	16
33	0	367	18	-1	1	-14
33	1	367	55	-1	-1	12
33	2	367	59	-1	1	-18
33	3	367	62	-1	1	-16
33	4	367	71	-1	1	-4
33	5	367	78	-1	-1	4
33	6	367	80	-1	-1	10
33	9	367	108	-1	1	-8
33	10	367	128	-1	1	-4
33	11	367	136	-1	1	-8
33	13	367	186	-1	1	-4
33	15	367	198	-1	1	-4
33	19	367	233	-1	1	-8
33	22	367	261	-1	1	-2
33	23	367	282	-1	-1	4
33	24	367	313	-1	1	-44
33	26	367	324	-1	1	-76
33	27	367	331	-1	-1	40
33	28	367	348	-1	-1	36
33	29	367	349	-1	-1	78
33	30	367	352	-1	-1	68
33	31	367	360	-1	-1	148
33	32	367	366	-1	-1	228
33	34	367	387	-1	-1	18
33	35	367	394	-1	-1	26
33	36	367	399	-1	-1	182
33	37	367	405	-1	-1	6
33	38	367	416	-1	1	-66
33	39	367	417	-1	1	-16
33	40	367	422	-1	1	-8
33	41	367	436	-1	1	-6
33	43	367	452	-1	1	-66
33	44	367	465	-1	1	-20
33	46	367	478	-1	1	-40
33	47	367	480	-1	-1	54
33	48	367	482	-1	-1	32
33	49	367	532	-1	-1	6
33	51	367	555	-1	-1	2
33	53	367	568	-1	1	-6
33	54	367	572	-1	1	-8
33	58	367	683	-1	-1	6
33	61	367	708	-1	-1	2
33	62	367	714	-1	-1	6
33	66	367	766	-1	-1	6
33	67	367	788	-1	-1	50
34	7	387	84	-1	-1	2
34	14	387	193	-1	1	-4
34	24	387	313	-1	1	-2
34	31	387	360	-1	-1	2
34	32	387	366	-1	-1	8
34	33	387	367	-1	-1	18
34	35	387	394	-1	-1	6
34	36	387	399	-1	-1	16
34	37	387	405	-1	-1	2
34	43	387	452	-1	1	-10
34	47	387	480	-1	-1	4
35	0	394	18	-1	1	-4
35	1	394	55	-1	-1	6
35	2	394	59	-1	1	-2
35	3	394	62	-1	1	-4
35	24	394	313	-1	1	-4
35	26	394	324	-1	1	-4
35	27	394	331	-1	-1	2
35	29	394	349	-1	-1	16
35	30	394	352	-1	-1	2
35	31	394	360	-1	-1	14
35	32	394	366	-1	-1	10
35	33	394	367	-1	-1	26
35	34	394	387	-1	-1	6
35	36	394	399	-1	-1	78
35	38	394	416	-1	1	-8
35	39	394	417	-1	1	-4
35	40	394	422	-1	1	-6
35	41	394	436	-1	1	-2
35	43	394	452	-1	1	-32
35	44	394	465	-1	1	-2
35	46	394	478	-1	1	-2
35	47	394	480	-1	-1	20
35	48	394	482	-1	-1	4
35	62	394	714	-1	-1	2
35	66	394	766	-1	-1	4
35	67	394	788	-1	-1	20
36	0	399	18	-1	1	-14
36	1	399	55	-1	-1	4
36	2	399	59	-1	1	-12
36	3	399	62	-1	1	-12
36	4	399	71	-1	1	-8
36	5	399	78	-1	-1	2
36	6	399	80	-1	-1	6
36	8	399	95	-1	1	-6
36	9	399	108	-1	1	-2
36	10	399	128	-1	1	-2
36	12	399	143	-1	1	-2
36	14	399	193	-1	1	-2
36	15	399	198	-1	1	-2
36	17	399	217	-1	1	-2
36	19	399	233	-1	1	-2
36	20	399	236	-1	1	-2
36	23	399	282	-1	-1	6
36	24	399	313	-1	1	-18
36	26	399	324	-1	1	-34
36	27	399	331	-1	-1	38
36	28	399	348	-1	-1	26
36	29	399	349	-1	-1	16
36	30	399	352	-1	-1	24
36	31	399	360	-1	-1	72
36	32	399	366	-1	-1	52
36	33	399	367	-1	-1	182
36	34	399	387	-1	-1	16
36	35	399	394	-1	-1	78
36	37	399	405	-1	-1	18
36	38	399	416	-1	1	-94
36	39	399	417	-1	1	-44
36	40	399	422	-1	1	-10
36	41	399	436	-1	1	-14
36	42	399	443	-1	1	-2
36	43	399	452	-1	1	-98
36	44	399	465	-1	1	-16
36	46	399	478	-1	1	-16
36	47	399	480	-1	-1	42
36	48	399	482	-1	-1	86
36	49	399	532	-1	-1	6
36	51	399	555	-1	-1	4
36	53	399	568	-1	1	-4
36	54	399	572	-1	1	-4
36	61	399	708	-1	-1	2
36	66	399	766	-1	-1	2
36	67	399	788	-1	-1	20
36	68	399	809	-1	1	-2
36	69	399	821	-1	-1	2
36	70	399	830	-1	-1	2
37	24	405	313	-1	1	-2
37	26	405	324	-1	1	-4
37	31	405	360	-1	-1	2
37	33	405	367	-1	-1	6
37	34	405	387	-1	-1	2
37	36	405	399	-1	-1	18
37	38	405	416	-1	1	-16
37	40	405	422	-1	1	-4
37	42	405	443	-1	1	-2
37	43	405	452	-1	1	-12
37	48	405	482	-1	-1	4
37	54	405	572	-1	1	4
38	0	416	18	1	1	4
38	1	416	55	1	-1	-10
38	2	416	59	1	1	6
38	3	416	62	1	1	-4
38	12	416	143	1	1	8
38	18	416	230	1	1	2
38	22	416	261	1	1	2
38	24	416	313	1	1	4
38	26	416	324	1	1	22
38	27	416	331	1	-1	-18
38	28	416	348	1	-1	-4
38	29	416	349	1	-1	-10
38	30	416	352	1	-1	-12
38	31	416	360	1	-1	-12
38	32	416	366	1	-1	-12
38	33	416	367	1	-1	-66
38	35	416	394	1	-1	-8
38	36	416	399	1	-1	-94
38	37	416	405	1	-1	-16
38	39	416	417	1	1	32
38	40	416	422	1	1	2
38	41	416	436	1	1	12
38	43	416	452	1	1	56
38	44	416	465	1	1	32
38	46	416	478	1	1	14
38	47	416	480	1	-1	-54
38	48	416	482	1	-1	-8
38	49	416	532	1	-1	-4
38	52	416	563	1	1	2
38	53	416	568	1	1	2
38	54	416	572	1	1	6
38	67	416	788	1	-1	-14
38	70	416	830	1	-1	-2
38	71	416	835	1	-1	-2
38	73	416	838	1	-1	-4
39	1	417	55	1	-1	-2
39	3	417	62	1	1	4
39	7	417	84	1	-1	-2
39	9	417	108	1	1	2
39	21	417	259	1	1	2
39	23	417	282	1	-1	-6
39	24	417	313	1	1	2
39	26	417	324	1	1	2
39	27	417	331	1	-1	-4
39	28	417	348	1	-1	-2
39	29	417	349	1	-1	-2
39	30	417	352	1	-1	-6
39	31	417	360	1	-1	-6
39	33	417	367	1	-1	-16
39	35	417	394	1	-1	-4
39	36	417	399	1	-1	-44
39	38	417	416	1	1	32
39	40	417	422	1	1	6
39	41	417	436	1	1	2
39	43	417	452	1	1	32
39	46	417	478	1	1	14
39	47	417	480	1	-1	-12
39	48	417	482	1	-1	-4
39	49	417	532	1	-1	-8
39	56	417	588	1	1	2
39	67	417	788	1	-1	-10
39	71	417	835	1	-1	-4
40	26	422	324	1	1	4
40	29	422	349	1	-1	-4
40	30	422	352	1	-1	-2
40	32	422	366	1	-1	-2
40	33	422	367	1	-1	-8
40	35	422	394	1	-1	-6
40	36	422	399	1	-1	-10
40	37	422	405	1	-1	-4
40	38	422	416	1	1	2
40	39	422	417	1	1	6
40	43	422	452	1	1	24
40	44	422	465	1	1	4
40	47	422	480	1	-1	-2
41	0	436	18	1	1	2
41	13	436	186	1	1	2
41	23	436	282	1	-1	-2
41	26	436	324	1	1	10
41	27	436	331	1	-1	-2
41	28	436	348	1	-1	-4
41	29	436	349	1	-1	-2
41	30	436	352	1	-1	-2
41	31	436	360	1	-1	-2
41	32	436	366	1	-1	-6
41	33	436	367	1	-1	-6
41	35	436	394	1	-1	-2
41	36	436	399	1	-1	-14
41	38	436	416	1	1	12
41	39	436	417	1	1	2
41	43	436	452	1	1	20
41	46	436	478	1	1	10
41	47	436	480	1	-1	-18
41	48	436	482	1	-1	-10
41	67	436	788	1	-1	-10
41	73	436	838	1	-1	-2
42	26	443	324	1	1	6
42	30	443	352	1	-1	-2
42	36	443	399	1	-1	-2
42	37	443	405	1	-1	-2
42	43	443	452	1	1	4
42	44	443	465	1	1	2
42	48	443	482	1	-1	-2
42	54	443	572	1	1	4
43	0	452	18	1	1	4
43	1	452	55	1	-1	-2
43	2	452	59	1	1	10
43	3	452	62	1	1	4
43	6	452	80	1	-1	-6
43	9	452	108	1	1	10
43	10	452	128	1	1	4
43	13	452	186	1	1	2
43	19	452	233	1	1	8
43	21	452	259	1	1	2
43	22	452	261	1	1	2
43	23	452	282	1	-1	-14
43	24	452	313	1	1	6
43	25	452	322	1	1	2
43	26	452	324	1	1	34
43	27	452	331	1	-1	-26
43	28	452	348	1	-1	-16
43	29	452	349	1	-1	-18
43	30	452	352	1	-1	-22
43	31	452	360	1	-1	-26
43	32	452	366	1	-1	-22
43	33	452	367	1	-1	-66
43	34	452	387	1	-1	-10
43	35	452	394	1	-1	-32
43	36	452	399	1	-1	-98
43	37	452	405	1	-1	-12
43	38	452	416	1	1	56
43	39	452	417	1	1	32
43	40	452	422	1	1	24
43	41	452	436	1	1	20
43	42	452	443	1	1	4
43	44	452	465	1	1	110
43	45	452	476	1	1	4
43	46	452	478	1	1	56
43	47	452	480	1	-1	-172
43	48	452	482	1	-1	-94
43	49	452	532	1	-1	-8
43	50	452	553	1	-1	-4
43	51	452	555	1	-1	-6
43	53	452	568	1	1	10
43	54	452	572	1	1	24
43	55	452	582	1	1	2
43	59	452	687	1	-1	2
43	61	452	708	1	-1	-2
43	62	452	714	1	-1	-8
43	66	452	766	1	-1	-12
43	67	452	788	1	-1	-54
43	68	452	809	1	1	2
43	69	452	821	1	-1	-6
43	71	452	835	1	-1	-10
43	73	452	838	1	-1	-6
43	78	452	891	1	1	6
44	1	465	55	1	-1	-6
44	6	465	80	1	-1	-2
44	13	465	186	1	1	4
44	26	465	324	1	1	8
44	27	465	331	1	-1	-4
44	28	465	348	1	-1	-6
44	29	465	349	1	-1	-10
44	30	465	352	1	-1	-8
44	31	465	360	1	-1	-4
44	32	465	366	1	-1	-8
44	33	465	367	1	-1	-20
44	35	465	394	1	-1	-2
44	36	465	399	1	-1	-16
44	38	465	416	1	1	32
44	40	465	422	1	1	4
44	42	465	443	1	1	2
44	43	465	452	1	1	110
44	46	465	478	1	1	16
44	47	465	480	1	-1	-42
44	48	465	482	1	-1	-30
44	49	465	532	1	-1	-4
44	51	465	555	1	-1	-4
44	53	465	568	1	1	2
44	54	465	572	1	1	4
44	61	465	708	1	-1	-2
44	66	465	766	1	-1	-2
44	67	465	788	1	-1	-22
44	71	465	835	1	-1	-2
44	73	465	838	1	-1	-6
45	26	476	324	1	1	2
45	43	476	452	1	1	4
45	46	476	478	1	1	8
45	47	476	480	1	-1	-14
45	48	476	482	1	-1	-4
45	53	476	568	1	1	4
46	3	478	62	1	1	4
46	12	478	143	1	1	4
46	17	478	217	1	1	4
46	19	478	233	1	1	12
46	24	478	313	1	1	2
46	26	478	324	1	1	2
46	27	478	331	1	-1	-6
46	30	478	352	1	-1	-6
46	31	478	360	1	-1	-6
46	32	478	366	1	-1	-16
46	33	478	367	1	-1	-40
46	35	478	394	1	-1	-2
46	36	478	399	1	-1	-16
46	38	478	416	1	1	14
46	39	478	417	1	1	14
46	41	478	436	1	1	10
46	43	478	452	1	1	56
46	44	478	465	1	1	16
46	45	478	476	1	1	8
46	47	478	480	1	-1	-70
46	48	478	482	1	-1	-20
46	49	478	532	1	-1	-2
46	53	478	568	1	1	16
46	67	478	788	1	-1	-4
46	68	478	809	1	1	4
46	78	478	891	1	1	12
47	3	480	62	-1	1	-8
47	4	480	71	-1	1	-6
47	5	480	78	-1	-1	2
47	6	480	80	-1	-1	22
47	9	480	108	-1	1	-2
47	15	480	198	-1	1	-2
47	23	480	282	-1	-1	6
47	24	480	313	-1	1	-10
47	26	480	324	-1	1	-26
47	27	480	331	-1	-1	8
47	28	480	348	-1	-1	-2
47	29	480	349	-1	-1	6
47	30	480	352	-1	-1	20
47	31	480	360	-1	-1	34
47	32	480	366	-1	-1	28
47	33	480	367	-1	-1	54
47	34	480	387	-1	-1	4
47	35	480	394	-1	-1	20
47	36	480	399	-1	-1	42
47	38	480	416	-1	1	-54
47	39	480	417	-1	1	-12
47	40	480	422	-1	1	-2
47	41	480	436	-1	1	-18
47	43	480	452	-1	1	-172
47	44	480	465	-1	1	-42
47	45	480	476	-1	1	-14
47	46	480	478	-1	1	-70
47	48	480	482	-1	-1	172
47	49	480	532	-1	-1	30
47	50	480	553	-1	-1	2
47	52	480	563	-1	1	-2
47	53	480	568	-1	1	-10
47	54	480	572	-1	1	-4
47	56	480	588	-1	1	-2
47	58	480	683	-1	-1	2
47	59	480	687	-1	-1	2
47	61	480	708	-1	-1	4
47	62	480	714	-1	-1	12
47	67	480	788	-1	-1	32
47	69	480	821	-1	-1	2
47	70	480	830	-1	-1	2
47	71	480	835	-1	-1	2
47	73	480	838	-1	-1	4
47	78	480	891	-1	1	-2
47	79	480	894	-1	-1	2
47	82	480	927	-1	1	-6
48	6	482	80	-1	-1	2
48	9	482	108	-1	1	-8
48	22	482	261	-1	1	-2
48	23	482	282	-1	-1	10
48	24	482	313	-1	1	-18
48	26	482	324	-1	1	-4
48	27	482	331	-1	-1	8
48	28	482	348	-1	-1	10
48	29	482	349	-1	-1	4
48	30	482	352	-1	-1	16
48	31	482	360	-1	-1	16
48	32	482	366	-1	-1	14
48	33	482	367	-1	-1	32
48	35	482	394	-1	-1	4
48	36	482	399	-1	-1	86
48	37	482	405	-1	-1	4
48	38	482	416	-1	1	-8
48	39	482	417	-1	1	-4
48	41	482	436	-1	1	-10
48	42	482	443	-1	1	-2
48	43	482	452	-1	1	-94
48	44	482	465	-1	1	-30
48	45	482	476	-1	1	-4
48	46	482	478	-1	1	-20
48	47	482	480	-1	-1	172
48	49	482	532	-1	-1	8
48	51	482	555	-1	-1	10
48	53	482	568	-1	1	-10
48	55	482	582	-1	1	-2
48	62	482	714	-1	-1	4
48	67	482	788	-1	-1	22
48	69	482	821	-1	-1	8
48	71	482	835	-1	-1	4
48	73	482	838	-1	-1	12
48	78	482	891	-1	1	-6
48	84	482	966	-1	-1	2
49	13	532	186	-1	1	-6
49	17	532	217	-1	1	-2
49	23	532	282	-1	-1	4
49	24	532	313	-1	1	-2
49	26	532	324	-1	1	-4
49	27	532	331	-1	-1	2
49	30	532	352	-1	-1	4
49	33	532	367	-1	-1	6
49	36	532	399	-1	-1	6
49	38	532	416	-1	1	-4
49	39	532	417	-1	1	-8
49	43	532	452	-1	1	-8
49	44	532	465	-1	1	-4
49	46	532	478	-1	1	-2
49	47	532	480	-1	-1	30
49	48	532	482	-1	-1	8
49	50	532	553	-1	-1	28
49	51	532	555	-1	-1	26
49	52	532	563	-1	1	-16
49	53	532	568	-1	1	-54
49	54	532	572	-1	1	-32
49	56	532	588	-1	1	-2
49	58	532	683	-1	-1	4
49	59	532	687	-1	-1	4
49	60	532	689	-1	-1	4
49	61	532	708	-1	-1	24
49	62	532	714	-1	-1	8
49	63	532	734	-1	-1	2
49	66	532	766	-1	-1	10
49	67	532	788	-1	-1	20
49	68	532	809	-1	1	-4
49	71	532	835	-1	-1	4
49	73	532	838	-1	-1	10
49	79	532	894	-1	-1	-2
49	84	532	966	-1	-1	4
49	86	532	978	-1	-1	2
49	87	532	985	-1	-1	2
50	13	553	186	-1	1	-2
50	16	553	203	-1	1	-2
50	23	553	282	-1	-1	2
50	26	553	324	-1	1	-2
50	43	553	452	-1	1	-4
50	47	553	480	-1	-1	2
50	49	553	532	-1	-1	28
50	51	553	555	-1	-1	46
50	52	553	563	-1	1	-4
50	53	553	568	-1	1	-46
50	54	553	572	-1	1	-6
50	55	553	582	-1	1	-2
50	56	553	588	-1	1	4
50	59	553	687	-1	-1	2
50	61	553	708	-1	-1	10
50	62	553	714	-1	-1	14
50	64	553	747	-1	-1	2
50	71	553	835	-1	-1	4
50	74	553	854	-1	1	-2
50	79	553	894	-1	-1	4
50	82	553	927	-1	1	-2
50	84	553	966	-1	-1	2
50	87	553	985	-1	-1	4
50	90	553	996	-1	-1	2
51	15	555	198	-1	1	-2
51	16	555	203	-1	1	-2
51	23	555	282	-1	-1	6
51	24	555	313	-1	1	-2
51	27	555	331	-1	-1	2
51	28	555	348	-1	-1	8
51	32	555	366	-1	-1	4
51	33	555	367	-1	-1	2
51	36	555	399	-1	-1	4
51	43	555	452	-1	1	-6
51	44	555	465	-1	1	-4
51	48	555	482	-1	-1	10
51	49	555	532	-1	-1	26
51	50	555	553	-1	-1	46
51	52	555	563	-1	1	-30
51	53	555	568	-1	1	-84
51	54	555	572	-1	1	-12
51	55	555	582	-1	1	-8
51	56	555	588	-1	1	-6
51	58	555	683	-1	-1	2
51	61	555	708	-1	-1	14
51	62	555	714	-1	-1	8
51	66	555	766	-1	-1	12
51	67	555	788	-1	-1	10
51	69	555	821	-1	-1	2
51	73	555	838	-1	-1	8
51	78	555	891	-1	1	-4
51	84	555	966	-1	-1	2
51	86	555	978	-1	-1	4
51	88	555	991	-1	-1	2
51	89	555	994	-1	-1	2
52	19	563	233	1	1	6
52	38	563	416	1	1	2
52	47	563	480	1	-1	-2
52	49	563	532	1	-1	-16
52	50	563	553	1	-1	-4
52	51	563	555	1	-1	-30
52	53	563	568	1	1	46
52	54	563	572	1	1	8
52	56	563	588	1	1	6
52	61	563	708	1	-1	-6
52	62	563	714	1	-1	-2
52	67	563	788	1	-1	-2
52	69	563	821	1	-1	-4
52	73	563	838	1	-1	-2
52	78	563	891	1	1	4
52	79	563	894	1	-1	-4
52	88	563	991	1	-1	-2
53	19	568	233	1	1	2
53	21	568	259	1	1	2
53	22	568	261	1	1	-2
53	23	568	282	1	-1	-2
53	24	568	313	1	1	18
53	28	568	348	1	-1	-4
53	31	568	360	1	-1	2
53	32	568	366	1	-1	2
53	33	568	367	1	-1	-6
53	36	568	399	1	-1	-4
53	38	568	416	1	1	2
53	43	568	452	1	1	10
53	44	568	465	1	1	2
53	45	568	476	1	1	4
53	46	568	478	1	1	16
53	47	568	480	1	-1	-10
53	48	568	482	1	-1	-10
53	49	568	532	1	-1	-54
53	50	568	553	1	-1	-46
53	51	568	555	1	-1	-84
53	52	568	563	1	1	46
53	54	568	572	1	1	110
53	55	568	582	1	1	12
53	56	568	588	1	1	12
53	57	568	638	1	1	4
53	58	568	683	1	-1	-20
53	59	568	687	1	-1	-8
53	61	568	708	1	-1	-48
53	62	568	714	1	-1	-2
53	63	568	734	1	-1	-2
53	65	568	759	1	-1	-2
53	66	568	766	1	-1	-8
53	67	568	788	1	-1	-38
53	69	568	821	1	-1	-2
53	71	568	835	1	-1	-2
53	73	568	838	1	-1	-16
53	74	568	854	1	1	6
53	76	568	877	1	1	2
53	78	568	891	1	1	2
53	79	568	894	1	-1	-6
53	83	568	942	1	1	4
53	84	568	966	1	-1	-4
53	88	568	991	1	-1	-4
53	89	568	994	1	-1	-4
53	90	568	996	1	-1	-18
53	91	568	1014	1	1	4
54	23	572	282	1	-1	-4
54	24	572	313	1	1	8
54	26	572	324	1	1	4
54	29	572	349	1	-1	-2
54	33	572	367	1	-1	-8
54	36	572	399	1	-1	-4
54	37	572	405	1	-1	4
54	38	572	416	1	1	6
54	42	572	443	1	1	4
54	43	572	452	1	1	24
54	44	572	465	1	1	4
54	47	572	480	1	-1	-4
54	49	572	532	1	-1	-32
54	50	572	553	1	-1	-6
54	51	572	555	1	-1	-12
54	52	572	563	1	1	8
54	53	572	568	1	1	110
54	55	572	582	1	1	62
54	56	572	588	1	1	74
54	57	572	638	1	1	10
54	58	572	683	1	-1	-24
54	59	572	687	1	-1	-10
54	61	572	708	1	-1	-72
54	62	572	714	1	-1	-6
54	64	572	747	1	-1	-2
54	66	572	766	1	-1	-10
54	67	572	788	1	-1	-10
54	68	572	809	1	1	2
54	71	572	835	1	-1	-4
54	72	572	837	1	-1	-2
54	73	572	838	1	-1	-8
54	74	572	854	1	1	6
54	76	572	877	1	1	2
54	77	572	881	1	1	2
54	78	572	891	1	1	4
54	79	572	894	1	-1	-6
54	82	572	927	1	1	2
54	84	572	966	1	-1	-4
54	85	572	973	1	-1	-2
54	87	572	985	1	-1	-4
54	89	572	994	1	-1	-14
54	90	572	996	1	-1	-6
54	93	572	1042	1	-1	-8
55	24	582	313	1	1	2
55	27	582	331	1	-1	-4
55	31	582	360	1	-1	-4
55	43	582	452	1	1	2
55	48	582	482	1	-1	-2
55	50	582	553	1	-1	-2
55	51	582	555	1	-1	-8
55	53	582	568	1	1	12
55	54	582	572	1	1	62
55	56	582	588	1	1	12
55	58	582	683	1	-1	-2
55	59	582	687	1	-1	-2
55	61	582	708	1	-1	-12
55	66	582	766	1	-1	-2
55	79	582	894	1	-1	-2
55	84	582	966	1	-1	-4
55	87	582	985	1	-1	-2
55	93	582	1042	1	-1	-2
56	39	588	417	1	1	2
56	47	588	480	1	-1	-2
56	49	588	532	1	-1	-2
56	50	588	553	1	-1	4
56	51	588	555	1	-1	-6
56	52	588	563	1	1	6
56	53	588	568	1	1	12
56	54	588	572	1	1	74
56	55	588	582	1	1	12
56	58	588	683	1	-1	-8
56	59	588	687	1	-1	-4
56	61	588	708	1	-1	-14
56	65	588	759	1	-1	-2
56	66	588	766	1	-1	-4
56	71	588	835	1	-1	-2
56	87	588	985	1	-1	-12
56	90	588	996	1	-1	-6
56	93	588	1042	1	-1	-2
57	53	638	568	1	1	4
57	54	638	572	1	1	10
57	58	638	683	1	-1	-8
57	61	638	708	1	-1	-6
57	82	638	927	1	1	2
58	30	683	352	-1	-1	2
58	33	683	367	-1	-1	6
58	47	683	480	-1	-1	2
58	49	683	532	-1	-1	4
58	51	683	555	-1	-1	2
58	53	683	568	-1	1	-20
58	54	683	572	-1	1	-24
58	55	683	582	-1	1	-2
58	56	683	588	-1	1	-8
58	57	683	638	-1	1	-8
58	59	683	687	-1	-1	12
58	60	683	689	-1	-1	4
58	61	683	708	-1	-1	48
58	62	683	714	-1	-1	6
58	66	683	766	-1	-1	8
58	67	683	788	-1	-1	6
58	69	683	821	-1	-1	4
58	71	683	835	-1	-1	2
58	73	683	838	-1	-1	4
58	79	683	894	-1	-1	2
58	93	683	1042	-1	-1	4
58	97	683	1062	-1	-1	-4
58	98	683	1069	-1	-1	2
59	29	687	349	-1	-1	4
59	31	687	360	-1	-1	2
59	43	687	452	-1	1	2
59	47	687	480	-1	-1	2
59	49	687	532	-1	-1	4
59	50	687	553	-1	-1	2
59	53	687	568	-1	1	-8
59	54	687	572	-1	1	-10
59	55	687	582	-1	1	-2
59	56	687	588	-1	1	-4
59	58	687	683	-1	-1	12
59	61	687	708	-1	-1	20
59	62	687	714	-1	-1	4
59	67	687	788	-1	-1	2
59	86	687	978	-1	-1	2
59	90	687	996	-1	-1	2
59	97	687	1062	-1	-1	4
60	49	689	532	-1	-1	4
60	58	689	683	-1	-1	4
60	61	689	708	-1	-1	4
61	28	708	348	-1	-1	2
61	30	708	352	-1	-1	4
61	33	708	367	-1	-1	2
61	36	708	399	-1	-1	2
61	43	708	452	-1	1	-2
61	44	708	465	-1	1	-2
61	47	708	480	-1	-1	4
61	49	708	532	-1	-1	24
61	50	708	553	-1	-1	10
61	51	708	555	-1	-1	14
61	52	708	563	-1	1	-6
61	53	708	568	-1	1	-48
61	54	708	572	-1	1	-72
61	55	708	582	-1	1	-12
61	56	708	588	-1	1	-14
61	57	708	638	-1	1	-6
61	58	708	683	-1	-1	48
61	59	708	687	-1	-1	20
61	60	708	689	-1	-1	4
61	62	708	714	-1	-1	20
61	63	708	734	-1	-1	2
61	64	708	747	-1	-1	2
61	65	708	759	-1	-1	6
61	66	708	766	-1	-1	18
61	67	708	788	-1	-1	28
61	69	708	821	-1	-1	4
61	70	708	830	-1	-1	2
61	71	708	835	-1	-1	4
61	72	708	837	-1	-1	2
61	73	708	838	-1	-1	14
61	75	708	864	-1	1	-4
61	79	708	894	-1	-1	10
61	82	708	927	-1	1	-2
61	84	708	966	-1	-1	6
61	86	708	978	-1	-1	2
61	87	708	985	-1	-1	2
61	88	708	991	-1	-1	6
61	90	708	996	-1	-1	6
61	93	708	1042	-1	-1	6
61	95	708	1051	-1	-1	4
61	97	708	1062	-1	-1	8
61	99	708	1075	-1	-1	4
62	31	714	360	-1	-1	4
62	33	714	367	-1	-1	6
62	35	714	394	-1	-1	2
62	43	714	452	-1	1	-8
62	47	714	480	-1	-1	12
62	48	714	482	-1	-1	4
62	49	714	532	-1	-1	8
62	50	714	553	-1	-1	14
62	51	714	555	-1	-1	8
62	52	714	563	-1	1	-2
62	53	714	568	-1	1	-2
62	54	714	572	-1	1	-6
62	58	714	683	-1	-1	6
62	59	714	687	-1	-1	4
62	61	714	708	-1	-1	20
62	63	714	734	-1	-1	10
62	64	714	747	-1	-1	4
62	65	714	759	-1	-1	2
62	66	714	766	-1	-1	26
62	67	714	788	-1	-1	22
62	69	714	821	-1	-1	2
62	70	714	830	-1	-1	4
62	71	714	835	-1	-1	8
62	73	714	838	-1	-1	24
62	77	714	881	-1	1	-2
62	79	714	894	-1	-1	4
62	88	714	991	-1	-1	2
62	93	714	1042	-1	-1	4
62	97	714	1062	-1	-1	2
62	101	714	1082	-1	-1	8
62	102	714	1084	-1	-1	4
63	49	734	532	-1	-1	2
63	53	734	568	-1	1	-2
63	61	734	708	-1	-1	2
63	62	734	714	-1	-1	10
63	66	734	766	-1	-1	2
63	67	734	788	-1	-1	8
63	73	734	838	-1	-1	2
64	50	747	553	-1	-1	2
64	54	747	572	-1	1	-2
64	61	747	708	-1	-1	2
64	62	747	714	-1	-1	4
64	65	747	759	-1	-1	2
64	66	747	766	-1	-1	10
64	67	747	788	-1	-1	10
64	71	747	835	-1	-1	6
64	73	747	838	-1	-1	2
64	78	747	891	-1	1	-2
64	90	747	996	-1	-1	2
65	32	759	366	-1	-1	4
65	53	759	568	-1	1	-2
65	56	759	588	-1	1	-2
65	61	759	708	-1	-1	6
65	62	759	714	-1	-1	2
65	64	759	747	-1	-1	2
65	66	759	766	-1	-1	2
65	67	759	788	-1	-1	2
65	69	759	821	-1	-1	6
65	73	759	838	-1	-1	2
66	31	766	360	-1	-1	2
66	33	766	367	-1	-1	6
66	35	766	394	-1	-1	4
66	36	766	399	-1	-1	2
66	43	766	452	-1	1	-12
66	44	766	465	-1	1	-2
66	49	766	532	-1	-1	10
66	51	766	555	-1	-1	12
66	53	766	568	-1	1	-8
66	54	766	572	-1	1	-10
66	55	766	582	-1	1	-2
66	56	766	588	-1	1	-4
66	58	766	683	-1	-1	8
66	61	766	708	-1	-1	18
66	62	766	714	-1	-1	26
66	63	766	734	-1	-1	2
66	64	766	747	-1	-1	10
66	65	766	759	-1	-1	2
66	67	766	788	-1	-1	54
66	68	766	809	-1	1	-6
66	69	766	821	-1	-1	16
66	70	766	830	-1	-1	4
66	71	766	835	-1	-1	16
66	73	766	838	-1	-1	22
66	74	766	854	-1	1	-4
66	75	766	864	-1	1	-2
66	78	766	891	-1	1	-4
66	90	766	996	-1	-1	4
66	93	766	1042	-1	-1	12
66	97	766	1062	-1	-1	6
66	99	766	1075	-1	-1	4
66	100	766	1081	-1	-1	2
66	102	766	1084	-1	-1	2
66	103	766	1086	-1	-1	8
67	32	788	366	-1	-1	16
67	33	788	367	-1	-1	50
67	35	788	394	-1	-1	20
67	36	788	399	-1	-1	20
67	38	788	416	-1	1	-14
67	39	788	417	-1	1	-10
67	41	788	436	-1	1	-10
67	43	788	452	-1	1	-54
67	44	788	465	-1	1	-22
67	46	788	478	-1	1	-4
67	47	788	480	-1	-1	32
67	48	788	482	-1	-1	22
67	49	788	532	-1	-1	20
67	51	788	555	-1	-1	10
67	52	788	563	-1	1	-2
67	53	788	568	-1	1	-38
67	54	788	572	-1	1	-10
67	58	788	683	-1	-1	6
67	59	788	687	-1	-1	2
67	61	788	708	-1	-1	28
67	62	788	714	-1	-1	22
67	63	788	734	-1	-1	8
67	64	788	747	-1	-1	10
67	65	788	759	-1	-1	2
67	66	788	766	-1	-1	54
67	68	788	809	-1	1	-26
67	69	788	821	-1	-1	38
67	70	788	830	-1	-1	8
67	71	788	835	-1	-1	52
67	73	788	838	-1	-1	36
67	78	788	891	-1	1	-4
67	79	788	894	-1	-1	10
67	82	788	927	-1	1	-2
67	84	788	966	-1	-1	2
67	86	788	978	-1	-1	2
67	90	788	996	-1	-1	2
67	97	788	1062	-1	-1	2
67	102	788	1084	-1	-1	10
67	103	788	1086	-1	-1	64
67	104	788	1096	-1	-1	2
67	105	788	1107	-1	-1	4
68	36	809	399	1	-1	-2
68	43	809	452	1	1	2
68	46	809	478	1	1	4
68	49	809	532	1	-1	-4
68	54	809	572	1	1	2
68	66	809	766	1	-1	-6
68	67	809	788	1	-1	-26
68	69	809	821	1	-1	-4
68	70	809	830	1	-1	-4
68	78	809	891	1	1	2
68	79	809	894	1	-1	-4
68	93	809	1042	1	-1	-6
68	103	809	1086	1	-1	-2
68	105	809	1107	1	-1	-4
68	107	809	1129	1	-1	-4
69	36	821	399	-1	-1	2
69	43	821	452	-1	1	-6
69	47	821	480	-1	-1	2
69	48	821	482	-1	-1	8
69	51	821	555	-1	-1	2
69	52	821	563	-1	1	-4
69	53	821	568	-1	1	-2
69	58	821	683	-1	-1	4
69	61	821	708	-1	-1	4
69	62	821	714	-1	-1	2
69	65	821	759	-1	-1	6
69	66	821	766	-1	-1	16
69	67	821	788	-1	-1	38
69	68	821	809	-1	1	-4
69	70	821	830	-1	-1	2
69	71	821	835	-1	-1	8
69	73	821	838	-1	-1	16
69	78	821	891	-1	1	-2
69	88	821	991	-1	-1	2
69	93	821	1042	-1	-1	6
69	97	821	1062	-1	-1	2
69	103	821	1086	-1	-1	4
69	108	821	1132	-1	-1	4
70	36	830	399	-1	-1	2
70	38	830	416	-1	1	-2
70	47	830	480	-1	-1	2
70	61	830	708	-1	-1	2
70	62	830	714	-1	-1	4
70	66	830	766	-1	-1	4
70	67	830	788	-1	-1	8
70	68	830	809	-1	1	-4
70	69	830	821	-1	-1	2
70	71	830	835	-1	-1	52
70	72	830	837	-1	-1	2
70	73	830	838	-1	-1	10
70	78	830	891	-1	1	-2
70	82	830	927	-1	1	-2
70	90	830	996	-1	-1	4
70	93	830	1042	-1	-1	8
70	94	830	1048	-1	-1	6
70	103	830	1086	-1	-1	2
71	38	835	416	-1	1	-2
71	39	835	417	-1	1	-4
71	43	835	452	-1	1	-10
71	44	835	465	-1	1	-2
71	47	835	480	-1	-1	2
71	48	835	482	-1	-1	4
71	49	835	532	-1	-1	4
71	50	835	553	-1	-1	4
71	53	835	568	-1	1	-2
71	54	835	572	-1	1	-4
71	56	835	588	-1	1	-2
71	58	835	683	-1	-1	2
71	61	835	708	-1	-1	4
71	62	835	714	-1	-1	8
71	64	835	747	-1	-1	6
71	66	835	766	-1	-1	16
71	67	835	788	-1	-1	52
71	69	835	821	-1	-1	8
71	70	835	830	-1	-1	52
71	73	835	838	-1	-1	64
71	76	835	877	-1	1	-2
71	78	835	891	-1	1	-10
71	79	835	894	-1	-1	8
71	87	835	985	-1	-1	4
71	88	835	991	-1	-1	2
71	89	835	994	-1	-1	-4
71	90	835	996	-1	-1	6
71	93	835	1042	-1	-1	4
71	99	835	1075	-1	-1	2
71	102	835	1084	-1	-1	8
71	103	835	1086	-1	-1	16
71	107	835	1129	-1	-1	8
72	54	837	572	-1	1	-2
72	61	837	708	-1	-1	2
72	70	837	830	-1	-1	2
72	73	837	838	-1	-1	12
72	79	837	894	-1	-1	2
72	88	837	991	-1	-1	2
72	107	837	1129	-1	-1	2
72	109	837	1138	-1	-1	2
73	38	838	416	-1	1	-4
73	41	838	436	-1	1	-2
73	43	838	452	-1	1	-6
73	44	838	465	-1	1	-6
73	47	838	480	-1	-1	4
73	48	838	482	-1	-1	12
73	49	838	532	-1	-1	10
73	51	838	555	-1	-1	8
73	52	838	563	-1	1	-2
73	53	838	568	-1	1	-16
73	54	838	572	-1	1	-8
73	58	838	683	-1	-1	4
73	61	838	708	-1	-1	14
73	62	838	714	-1	-1	24
73	63	838	734	-1	-1	2
73	64	838	747	-1	-1	2
73	65	838	759	-1	-1	2
73	66	838	766	-1	-1	22
73	67	838	788	-1	-1	36
73	69	838	821	-1	-1	16
73	70	838	830	-1	-1	10
73	71	838	835	-1	-1	64
73	72	838	837	-1	-1	12
73	74	838	854	-1	1	-4
73	75	838	864	-1	1	-6
73	77	838	881	-1	1	-4
73	78	838	891	-1	1	-32
73	79	838	894	-1	-1	4
73	82	838	927	-1	1	-8
73	84	838	966	-1	-1	2
73	86	838	978	-1	-1	2
73	87	838	985	-1	-1	2
73	88	838	991	-1	-1	2
73	89	838	994	-1	-1	10
73	90	838	996	-1	-1	10
73	93	838	1042	-1	-1	12
73	94	838	1048	-1	-1	8
73	95	838	1051	-1	-1	4
73	97	838	1062	-1	-1	10
73	99	838	1075	-1	-1	4
73	102	838	1084	-1	-1	10
73	103	838	1086	-1	-1	32
73	105	838	1107	-1	-1	6
73	107	838	1129	-1	-1	12
73	108	838	1132	-1	-1	4
73	109	838	1138	-1	-1	10
73	110	838	1147	-1	1	-2
73	111	838	1152	-1	1	-22
73	112	838	1156	-1	1	-22
73	113	838	1163	-1	1	-4
74	50	854	553	1	-1	-2
74	53	854	568	1	1	6
74	54	854	572	1	1	6
74	66	854	766	1	-1	-4
74	73	854	838	1	-1	-4
74	75	854	864	1	1	2
74	76	854	877	1	1	2
74	78	854	891	1	1	6
74	79	854	894	1	-1	-4
74	98	854	1069	1	-1	-2
74	102	854	1084	1	-1	-4
74	108	854	1132	1	-1	-4
74	111	854	1152	1	1	2
74	112	854	1156	1	1	2
74	113	854	1163	1	1	2
75	61	864	708	1	-1	-4
75	66	864	766	1	-1	-2
75	73	864	838	1	-1	-6
75	74	864	854	1	1	2
75	76	864	877	1	1	2
75	77	864	881	1	1	2
75	78	864	891	1	1	10
75	84	864	966	1	-1	-2
75	90	864	996	1	-1	-10
75	93	864	1042	1	-1	-2
75	103	864	1086	1	-1	-2
75	111	864	1152	1	1	2
76	53	877	568	1	1	2
76	54	877	572	1	1	2
76	71	877	835	1	-1	-2
76	74	877	854	1	1	2
76	75	877	864	1	1	2
76	79	877	894	1	-1	-2
76	90	877	996	1	-1	-2
76	92	877	1028	1	-1	-4
76	103	877	1086	1	-1	-2
77	54	881	572	1	1	2
77	62	881	714	1	-1	-2
77	73	881	838	1	-1	-4
77	75	881	864	1	1	2
77	78	881	891	1	1	28
77	79	881	894	1	-1	-28
77	82	881	927	1	1	4
77	90	881	996	1	-1	-6
77	91	881	1014	1	1	2
77	93	881	1042	1	-1	-2
77	102	881	1084	1	-1	-6
77	103	881	1086	1	-1	-2
77	107	881	1129	1	-1	-2
77	108	881	1132	1	-1	-2
77	113	881	1163	1	1	6
78	43	891	452	1	1	6
78	46	891	478	1	1	12
78	47	891	480	1	-1	-2
78	48	891	482	1	-1	-6
78	51	891	555	1	-1	-4
78	52	891	563	1	1	4
78	53	891	568	1	1	2
78	54	891	572	1	1	4
78	64	891	747	1	-1	-2
78	66	891	766	1	-1	-4
78	67	891	788	1	-1	-4
78	68	891	809	1	1	2
78	69	891	821	1	-1	-2
78	70	891	830	1	-1	-2
78	71	891	835	1	-1	-10
78	73	891	838	1	-1	-32
78	74	891	854	1	1	6
78	75	891	864	1	1	10
78	77	891	881	1	1	28
78	79	891	894	1	-1	-70
78	80	891	905	1	-1	-8
78	81	891	923	1	1	2
78	82	891	927	1	1	4
78	84	891	966	1	-1	-4
78	86	891	978	1	-1	-2
78	88	891	991	1	-1	-4
78	89	891	994	1	-1	-14
78	90	891	996	1	-1	-20
78	91	891	1014	1	1	4
78	92	891	1028	1	-1	-2
78	93	891	1042	1	-1	-8
78	96	891	1059	1	-1	-4
78	97	891	1062	1	-1	-10
78	98	891	1069	1	-1	-2
78	99	891	1075	1	-1	-4
78	101	891	1082	1	-1	-6
78	102	891	1084	1	-1	-10
78	103	891	1086	1	-1	-8
78	105	891	1107	1	-1	-2
78	108	891	1132	1	-1	-8
78	110	891	1147	1	1	4
78	111	891	1152	1	1	8
78	112	891	1156	1	1	4
78	113	891	1163	1	1	2
78	116	891	1196	1	-1	-12
79	47	894	480	-1	-1	2
79	49	894	532	-1	-1	-2
79	50	894	553	-1	-1	4
79	52	894	563	-1	1	-4
79	53	894	568	-1	1	-6
79	54	894	572	-1	1	-6
79	55	894	582	-1	1	-2
79	58	894	683	-1	-1	2
79	61	894	708	-1	-1	10
79	62	894	714	-1	-1	4
79	67	894	788	-1	-1	10
79	68	894	809	-1	1	-4
79	71	894	835	-1	-1	8
79	72	894	837	-1	-1	2
79	73	894	838	-1	-1	4
79	74	894	854	-1	1	-4
79	76	894	877	-1	1	-2
79	77	894	881	-1	1	-28
79	78	894	891	-1	1	-70
79	81	894	923	-1	1	-4
79	82	894	927	-1	1	-10
79	83	894	942	-1	1	-6
79	84	894	966	-1	-1	2
79	87	894	985	-1	-1	6
79	88	894	991	-1	-1	2
79	90	894	996	-1	-1	16
79	93	894	1042	-1	-1	16
79	94	894	1048	-1	-1	2
79	95	894	1051	-1	-1	4
79	97	894	1062	-1	-1	10
79	101	894	1082	-1	-1	6
79	102	894	1084	-1	-1	10
79	103	894	1086	-1	-1	2
79	104	894	1096	-1	-1	4
79	107	894	1129	-1	-1	2
79	109	894	1138	-1	-1	2
79	113	894	1163	-1	1	-2
79	115	894	1169	-1	1	-4
79	116	894	1196	-1	-1	4
80	78	905	891	-1	1	-8
80	113	905	1163	-1	1	-6
81	78	923	891	1	1	2
81	79	923	894	1	-1	-4
81	82	923	927	1	1	2
81	90	923	996	1	-1	-8
81	93	923	1042	1	-1	-4
81	103	923	1086	1	-1	-2
81	112	923	1156	1	1	4
81	113	923	1163	1	1	2
82	47	927	480	1	-1	-6
82	50	927	553	1	-1	-2
82	54	927	572	1	1	2
82	57	927	638	1	1	2
82	61	927	708	1	-1	-2
82	67	927	788	1	-1	-2
82	70	927	830	1	-1	-2
82	73	927	838	1	-1	-8
82	77	927	881	1	1	4
82	78	927	891	1	1	4
82	79	927	894	1	-1	-10
82	81	927	923	1	1	2
82	83	927	942	1	1	28
82	84	927	966	1	-1	-32
82	86	927	978	1	-1	-4
82	87	927	985	1	-1	-8
82	88	927	991	1	-1	-2
82	89	927	994	1	-1	-10
82	90	927	996	1	-1	-30
82	93	927	1042	1	-1	-22
82	94	927	1048	1	-1	-2
82	95	927	1051	1	-1	-2
82	97	927	1062	1	-1	-4
82	102	927	1084	1	-1	-2
82	103	927	1086	1	-1	-4
82	105	927	1107	1	-1	-4
82	109	927	1138	1	-1	-2
82	111	927	1152	1	1	6
82	112	927	1156	1	1	2
82	113	927	1163	1	1	2
83	53	942	568	1	1	4
83	79	942	894	1	-1	-6
83	82	942	927	1	1	28
83	84	942	966	1	-1	-18
83	85	942	973	1	-1	-4
83	88	942	991	1	-1	-2
83	89	942	994	1	-1	-4
83	90	942	996	1	-1	-22
83	91	942	1014	1	1	4
83	93	942	1042	1	-1	-4
83	102	942	1084	1	-1	-4
83	103	942	1086	1	-1	-8
83	109	942	1138	1	-1	-2
83	111	942	1152	1	1	2
83	112	942	1156	1	1	2
83	116	942	1196	1	-1	-2
84	48	966	482	-1	-1	2
84	49	966	532	-1	-1	4
84	50	966	553	-1	-1	2
84	51	966	555	-1	-1	2
84	53	966	568	-1	1	-4
84	54	966	572	-1	1	-4
84	55	966	582	-1	1	-4
84	61	966	708	-1	-1	6
84	67	966	788	-1	-1	2
84	73	966	838	-1	-1	2
84	75	966	864	-1	1	-2
84	78	966	891	-1	1	-4
84	79	966	894	-1	-1	2
84	82	966	927	-1	1	-32
84	83	966	942	-1	1	-18
84	85	966	973	-1	-1	6
84	86	966	978	-1	-1	12
84	87	966	985	-1	-1	18
84	88	966	991	-1	-1	16
84	89	966	994	-1	-1	30
84	90	966	996	-1	-1	28
84	93	966	1042	-1	-1	18
84	96	966	1059	-1	-1	4
84	97	966	1062	-1	-1	12
84	101	966	1082	-1	-1	8
84	102	966	1084	-1	-1	4
84	103	966	1086	-1	-1	2
84	109	966	1138	-1	-1	8
84	113	966	1163	-1	1	-12
84	116	966	1196	-1	-1	10
85	54	973	572	-1	1	-2
85	83	973	942	-1	1	-4
85	84	973	966	-1	-1	6
85	86	973	978	-1	-1	16
85	87	973	985	-1	-1	16
85	88	973	991	-1	-1	10
85	89	973	994	-1	-1	12
85	90	973	996	-1	-1	4
85	93	973	1042	-1	-1	4
85	95	973	1051	-1	-1	2
85	102	973	1084	-1	-1	2
86	49	978	532	-1	-1	2
86	51	978	555	-1	-1	4
86	59	978	687	-1	-1	2
86	61	978	708	-1	-1	2
86	67	978	788	-1	-1	2
86	73	978	838	-1	-1	2
86	78	978	891	-1	1	-2
86	82	978	927	-1	1	-4
86	84	978	966	-1	-1	12
86	85	978	973	-1	-1	16
86	87	978	985	-1	-1	48
86	88	978	991	-1	-1	34
86	89	978	994	-1	-1	38
86	90	978	996	-1	-1	32
86	91	978	1014	-1	1	-8
86	92	978	1028	-1	-1	24
86	93	978	1042	-1	-1	14
86	97	978	1062	-1	-1	4
86	102	978	1084	-1	-1	4
86	103	978	1086	-1	-1	2
86	107	978	1129	-1	-1	4
86	108	978	1132	-1	-1	2
86	118	978	1258	-1	-1	4
86	119	978	1273	-1	1	-4
86	120	978	1277	-1	1	-2
87	49	985	532	-1	-1	2
87	50	985	553	-1	-1	4
87	54	985	572	-1	1	-4
87	55	985	582	-1	1	-2
87	56	985	588	-1	1	-12
87	61	985	708	-1	-1	2
87	71	985	835	-1	-1	4
87	73	985	838	-1	-1	2
87	79	985	894	-1	-1	6
87	82	985	927	-1	1	-8
87	84	985	966	-1	-1	18
87	85	985	973	-1	-1	16
87	86	985	978	-1	-1	48
87	88	985	991	-1	-1	66
87	89	985	994	-1	-1	56
87	90	985	996	-1	-1	50
87	91	985	1014	-1	1	-2
87	92	985	1028	-1	-1	4
87	93	985	1042	-1	-1	24
87	96	985	1059	-1	-1	2
87	99	985	1075	-1	-1	2
87	102	985	1084	-1	-1	8
87	108	985	1132	-1	-1	2
87	109	985	1138	-1	-1	4
87	111	985	1152	-1	1	-6
87	112	985	1156	-1	1	-10
87	113	985	1163	-1	1	-2
88	51	991	555	-1	-1	2
88	52	991	563	-1	1	-2
88	53	991	568	-1	1	-4
88	61	991	708	-1	-1	6
88	62	991	714	-1	-1	2
88	69	991	821	-1	-1	2
88	71	991	835	-1	-1	2
88	72	991	837	-1	-1	2
88	73	991	838	-1	-1	2
88	78	991	891	-1	1	-4
88	79	991	894	-1	-1	2
88	82	991	927	-1	1	-2
88	83	991	942	-1	1	-2
88	84	991	966	-1	-1	16
88	85	991	973	-1	-1	10
88	86	991	978	-1	-1	34
88	87	991	985	-1	-1	66
88	89	991	994	-1	-1	106
88	90	991	996	-1	-1	62
88	91	991	1014	-1	1	-4
88	93	991	1042	-1	-1	12
88	95	991	1051	-1	-1	2
88	97	991	1062	-1	-1	4
88	99	991	1075	-1	-1	4
88	101	991	1082	-1	-1	2
88	102	991	1084	-1	-1	4
88	103	991	1086	-1	-1	4
88	106	991	1120	-1	-1	-4
88	107	991	1129	-1	-1	2
88	112	991	1156	-1	1	-2
88	113	991	1163	-1	1	-4
88	116	991	1196	-1	-1	6
88	127	991	1350	-1	1	-2
89	51	994	555	-1	-1	2
89	53	994	568	-1	1	-4
89	54	994	572	-1	1	-14
89	71	994	835	-1	-1	-4
89	73	994	838	-1	-1	10
89	78	994	891	-1	1	-14
89	82	994	927	-1	1	-10
89	83	994	942	-1	1	-4
89	84	994	966	-1	-1	30
89	85	994	973	-1	-1	12
89	86	994	978	-1	-1	38
89	87	994	985	-1	-1	56
89	88	994	991	-1	-1	106
89	90	994	996	-1	-1	142
89	91	994	1014	-1	1	-12
89	93	994	1042	-1	-1	22
89	96	994	1059	-1	-1	4
89	97	994	1062	-1	-1	2
89	102	994	1084	-1	-1	12
89	103	994	1086	-1	-1	12
89	107	994	1129	-1	-1	2
89	108	994	1132	-1	-1	2
89	109	994	1138	-1	-1	2
89	110	994	1147	-1	1	-2
89	111	994	1152	-1	1	-8
89	113	994	1163	-1	1	-4
89	114	994	1168	-1	1	-10
89	116	994	1196	-1	-1	6
89	127	994	1350	-1	1	-2
90	50	996	553	-1	-1	2
90	53	996	568	-1	1	-18
90	54	996	572	-1	1	-6
90	56	996	588	-1	1	-6
90	59	996	687	-1	-1	2
90	61	996	708	-1	-1	6
90	64	996	747	-1	-1	2
90	66	996	766	-1	-1	4
90	67	996	788	-1	-1	2
90	70	996	830	-1	-1	4
90	71	996	835	-1	-1	6
90	73	996	838	-1	-1	10
90	75	996	864	-1	1	-10
90	76	996	877	-1	1	-2
90	77	996	881	-1	1	-6
90	78	996	891	-1	1	-20
90	79	996	894	-1	-1	16
90	81	996	923	-1	1	-8
90	82	996	927	-1	1	-30
90	83	996	942	-1	1	-22
90	84	996	966	-1	-1	28
90	85	996	973	-1	-1	4
90	86	996	978	-1	-1	32
90	87	996	985	-1	-1	50
90	88	996	991	-1	-1	62
90	89	996	994	-1	-1	142
90	91	996	1014	-1	1	-14
90	92	996	1028	-1	-1	16
90	93	996	1042	-1	-1	74
90	94	996	1048	-1	-1	12
90	96	996	1059	-1	-1	2
90	97	996	1062	-1	-1	4
90	98	996	1069	-1	-1	2
90	100	996	1081	-1	-1	4
90	101	996	1082	-1	-1	14
90	102	996	1084	-1	-1	30
90	103	996	1086	-1	-1	26
90	107	996	1129	-1	-1	4
90	109	996	1138	-1	-1	4
90	110	996	1147	-1	1	-2
90	111	996	1152	-1	1	-8
90	113	996	1163	-1	1	-6
90	114	996	1168	-1	1	-6
90	116	996	1196	-1	-1	4
90	118	996	1258	-1	-1	-4
90	119	996	1273	-1	1	-4
90	121	996	1278	-1	1	-2
90	123	996	1290	-1	1	-2
90	126	996	1332	-1	1	-2
90	127	996	1350	-1	1	-2
90	129	996	1361	-1	-1	6
90	132	996	1421	-1	1	-2
91	53	1014	568	1	1	4
91	77	1014	881	1	1	2
91	78	1014	891	1	1	4
91	83	1014	942	1	1	4
91	86	1014	978	1	-1	-8
91	87	1014	985	1	-1	-2
91	88	1014	991	1	-1	-4
91	89	1014	994	1	-1	-12
91	90	1014	996	1	-1	-14
91	92	1014	1028	1	-1	-32
91	93	1014	1042	1	-1	-92
91	97	1014	1062	1	-1	-2
91	100	1014	1081	1	-1	-4
91	101	1014	1082	1	-1	-8
91	102	1014	1084	1	-1	-4
91	109	1014	1138	1	-1	-2
91	113	1014	1163	1	1	4
91	114	1014	1168	1	1	6
91	121	1014	1278	1	1	4
91	126	1014	1332	1	1	2
91	127	1014	1350	1	1	4
91	132	1014	1421	1	1	2
92	76	1028	877	-1	1	-4
92	78	1028	891	-1	1	-2
92	86	1028	978	-1	-1	24
92	87	1028	985	-1	-1	4
92	90	1028	996	-1	-1	16
92	91	1028	1014	-1	1	-32
92	93	1028	1042	-1	-1	100
92	97	1028	1062	-1	-1	2
92	102	1028	1084	-1	-1	10
92	103	1028	1086	-1	-1	-2
92	113	1028	1163	-1	1	-2
92	116	1028	1196	-1	-1	2
93	54	1042	572	-1	1	-8
93	55	1042	582	-1	1	-2
93	56	1042	588	-1	1	-2
93	58	1042	683	-1	-1	4
93	61	1042	708	-1	-1	6
93	62	1042	714	-1	-1	4
93	66	1042	766	-1	-1	12
93	68	1042	809	-1	1	-6
93	69	1042	821	-1	-1	6
93	70	1042	830	-1	-1	8
93	71	1042	835	-1	-1	4
93	73	1042	838	-1	-1	12
93	75	1042	864	-1	1	-2
93	77	1042	881	-1	1	-2
93	78	1042	891	-1	1	-8
93	79	1042	894	-1	-1	16
93	81	1042	923	-1	1	-4
93	82	1042	927	-1	1	-22
93	83	1042	942	-1	1	-4
93	84	1042	966	-1	-1	18
93	85	1042	973	-1	-1	4
93	86	1042	978	-1	-1	14
93	87	1042	985	-1	-1	24
93	88	1042	991	-1	-1	12
93	89	1042	994	-1	-1	22
93	90	1042	996	-1	-1	74
93	91	1042	1014	-1	1	-92
93	92	1042	1028	-1	-1	100
93	94	1042	1048	-1	-1	22
93	95	1042	1051	-1	-1	32
93	96	1042	1059	-1	-1	8
93	97	1042	1062	-1	-1	98
93	98	1042	1069	-1	-1	4
93	99	1042	1075	-1	-1	16
93	100	1042	1081	-1	-1	18
93	101	1042	1082	-1	-1	36
93	102	1042	1084	-1	-1	50
93	103	1042	1086	-1	-1	6
93	105	1042	1107	-1	-1	4
93	107	1042	1129	-1	-1	4
93	109	1042	1138	-1	-1	2
93	112	1042	1156	-1	1	-20
93	113	1042	1163	-1	1	-20
93	116	1042	1196	-1	-1	22
93	117	1042	1231	-1	-1	2
93	118	1042	1258	-1	-1	10
93	119	1042	1273	-1	1	-8
93	120	1042	1277	-1	1	-2
93	121	1042	1278	-1	1	-4
93	126	1042	1332	-1	1	-4
93	127	1042	1350	-1	1	-2
93	129	1042	1361	-1	-1	8
93	130	1042	1373	-1	-1	2
93	131	1042	1420	-1	1	-2
93	132	1042	1421	-1	1	-10
93	133	1042	1427	-1	-1	2
94	70	1048	830	-1	-1	6
94	73	1048	838	-1	-1	8
94	79	1048	894	-1	-1	2
94	82	1048	927	-1	1	-2
94	90	1048	996	-1	-1	12
94	93	1048	1042	-1	-1	22
94	95	1048	1051	-1	-1	24
94	96	1048	1059	-1	-1	4
94	97	1048	1062	-1	-1	28
94	99	1048	1075	-1	-1	8
94	100	1048	1081	-1	-1	2
94	102	1048	1084	-1	-1	4
94	103	1048	1086	-1	-1	12
94	108	1048	1132	-1	-1	2
94	115	1048	1169	-1	1	-2
94	127	1048	1350	-1	1	-4
94	130	1048	1373	-1	-1	8
95	61	1051	708	-1	-1	4
95	73	1051	838	-1	-1	4
95	79	1051	894	-1	-1	4
95	82	1051	927	-1	1	-2
95	85	1051	973	-1	-1	2
95	88	1051	991	-1	-1	2
95	93	1051	1042	-1	-1	32
95	94	1051	1048	-1	-1	24
95	96	1051	1059	-1	-1	16
95	97	1051	1062	-1	-1	28
95	98	1051	1069	-1	-1	4
95	99	1051	1075	-1	-1	6
95	101	1051	1082	-1	-1	10
95	102	1051	1084	-1	-1	8
95	103	1051	1086	-1	-1	18
95	127	1051	1350	-1	1	-2
96	78	1059	891	-1	1	-4
96	84	1059	966	-1	-1	4
96	87	1059	985	-1	-1	2
96	89	1059	994	-1	-1	4
96	90	1059	996	-1	-1	2
96	93	1059	1042	-1	-1	8
96	94	1059	1048	-1	-1	4
96	95	1059	1051	-1	-1	16
96	97	1059	1062	-1	-1	28
96	99	1059	1075	-1	-1	12
96	102	1059	1084	-1	-1	12
96	108	1059	1132	-1	-1	2
96	116	1059	1196	-1	-1	2
97	58	1062	683	-1	-1	-4
97	59	1062	687	-1	-1	4
97	61	1062	708	-1	-1	8
97	62	1062	714	-1	-1	2
97	66	1062	766	-1	-1	6
97	67	1062	788	-1	-1	2
97	69	1062	821	-1	-1	2
97	73	1062	838	-1	-1	10
97	78	1062	891	-1	1	-10
97	79	1062	894	-1	-1	10
97	82	1062	927	-1	1	-4
97	84	1062	966	-1	-1	12
97	86	1062	978	-1	-1	4
97	88	1062	991	-1	-1	4
97	89	1062	994	-1	-1	2
97	90	1062	996	-1	-1	4
97	91	1062	1014	-1	1	-2
97	92	1062	1028	-1	-1	2
97	93	1062	1042	-1	-1	98
97	94	1062	1048	-1	-1	28
97	95	1062	1051	-1	-1	28
97	96	1062	1059	-1	-1	28
97	98	1062	1069	-1	-1	14
97	99	1062	1075	-1	-1	32
97	100	1062	1081	-1	-1	10
97	101	1062	1082	-1	-1	20
97	102	1062	1084	-1	-1	54
97	103	1062	1086	-1	-1	18
97	105	1062	1107	-1	-1	2
97	107	1062	1129	-1	-1	6
97	108	1062	1132	-1	-1	4
97	109	1062	1138	-1	-1	6
97	110	1062	1147	-1	1	-6
97	111	1062	1152	-1	1	-2
97	112	1062	1156	-1	1	-2
97	113	1062	1163	-1	1	-16
97	116	1062	1196	-1	-1	4
97	126	1062	1332	-1	1	-4
97	127	1062	1350	-1	1	-4
97	131	1062	1420	-1	1	2
98	58	1069	683	-1	-1	2
98	74	1069	854	-1	1	-2
98	78	1069	891	-1	1	-2
98	90	1069	996	-1	-1	2
98	93	1069	1042	-1	-1	4
98	95	1069	1051	-1	-1	4
98	97	1069	1062	-1	-1	14
98	99	1069	1075	-1	-1	4
98	101	1069	1082	-1	-1	6
98	102	1069	1084	-1	-1	6
98	103	1069	1086	-1	-1	4
98	109	1069	1138	-1	-1	2
98	116	1069	1196	-1	-1	4
98	132	1069	1421	-1	1	-2
99	61	1075	708	-1	-1	4
99	66	1075	766	-1	-1	4
99	71	1075	835	-1	-1	2
99	73	1075	838	-1	-1	4
99	78	1075	891	-1	1	-4
99	87	1075	985	-1	-1	2
99	88	1075	991	-1	-1	4
99	93	1075	1042	-1	-1	16
99	94	1075	1048	-1	-1	8
99	95	1075	1051	-1	-1	6
99	96	1075	1059	-1	-1	12
99	97	1075	1062	-1	-1	32
99	98	1075	1069	-1	-1	4
99	100	1075	1081	-1	-1	14
99	101	1075	1082	-1	-1	30
99	102	1075	1084	-1	-1	60
99	103	1075	1086	-1	-1	28
99	108	1075	1132	-1	-1	6
99	110	1075	1147	-1	1	-2
99	111	1075	1152	-1	1	-6
99	112	1075	1156	-1	1	-4
99	113	1075	1163	-1	1	-6
99	114	1075	1168	-1	1	-2
99	118	1075	1258	-1	-1	-2
99	127	1075	1350	-1	1	-2
99	131	1075	1420	-1	1	-4
100	66	1081	766	-1	-1	2
100	90	1081	996	-1	-1	4
100	91	1081	1014	-1	1	-4
100	93	1081	1042	-1	-1	18
100	94	1081	1048	-1	-1	2
100	97	1081	1062	-1	-1	10
100	99	1081	1075	-1	-1	14
100	101	1081	1082	-1	-1	32
100	102	1081	1084	-1	-1	52
100	103	1081	1086	-1	-1	4
100	111	1081	1152	-1	1	-4
100	112	1081	1156	-1	1	-6
100	113	1081	1163	-1	1	-2
100	132	1081	1421	-1	1	-4
101	62	1082	714	-1	-1	8
101	78	1082	891	-1	1	-6
101	79	1082	894	-1	-1	6
101	84	1082	966	-1	-1	8
101	88	1082	991	-1	-1	2
101	90	1082	996	-1	-1	14
101	91	1082	1014	-1	1	-8
101	93	1082	1042	-1	-1	36
101	95	1082	1051	-1	-1	10
101	97	1082	1062	-1	-1	20
101	98	1082	1069	-1	-1	6
101	99	1082	1075	-1	-1	30
101	100	1082	1081	-1	-1	32
101	102	1082	1084	-1	-1	140
101	103	1082	1086	-1	-1	22
101	111	1082	1152	-1	1	-2
101	112	1082	1156	-1	1	-22
101	113	1082	1163	-1	1	-8
101	114	1082	1168	-1	1	-6
101	116	1082	1196	-1	-1	6
101	120	1082	1277	-1	1	-2
101	129	1082	1361	-1	-1	4
102	62	1084	714	-1	-1	4
102	66	1084	766	-1	-1	2
102	67	1084	788	-1	-1	10
102	71	1084	835	-1	-1	8
102	73	1084	838	-1	-1	10
102	74	1084	854	-1	1	-4
102	77	1084	881	-1	1	-6
102	78	1084	891	-1	1	-10
102	79	1084	894	-1	-1	10
102	82	1084	927	-1	1	-2
102	83	1084	942	-1	1	-4
102	84	1084	966	-1	-1	4
102	85	1084	973	-1	-1	2
102	86	1084	978	-1	-1	4
102	87	1084	985	-1	-1	8
102	88	1084	991	-1	-1	4
102	89	1084	994	-1	-1	12
102	90	1084	996	-1	-1	30
102	91	1084	1014	-1	1	-4
102	92	1084	1028	-1	-1	10
102	93	1084	1042	-1	-1	50
102	94	1084	1048	-1	-1	4
102	95	1084	1051	-1	-1	8
102	96	1084	1059	-1	-1	12
102	97	1084	1062	-1	-1	54
102	98	1084	1069	-1	-1	6
102	99	1084	1075	-1	-1	60
102	100	1084	1081	-1	-1	52
102	101	1084	1082	-1	-1	140
102	103	1084	1086	-1	-1	108
102	105	1084	1107	-1	-1	6
102	107	1084	1129	-1	-1	8
102	108	1084	1132	-1	-1	6
102	109	1084	1138	-1	-1	10
102	110	1084	1147	-1	1	-2
102	111	1084	1152	-1	1	-14
102	112	1084	1156	-1	1	-14
102	113	1084	1163	-1	1	-14
102	114	1084	1168	-1	1	-6
102	115	1084	1169	-1	1	-8
102	116	1084	1196	-1	-1	24
102	118	1084	1258	-1	-1	2
102	119	1084	1273	-1	1	-4
102	126	1084	1332	-1	1	-4
102	127	1084	1350	-1	1	-4
102	129	1084	1361	-1	-1	4
102	131	1084	1420	-1	1	-2
102	132	1084	1421	-1	1	-4
103	66	1086	766	-1	-1	8
103	67	1086	788	-1	-1	64
103	68	1086	809	-1	1	-2
103	69	1086	821	-1	-1	4
103	70	1086	830	-1	-1	2
103	71	1086	835	-1	-1	16
103	73	1086	838	-1	-1	32
103	75	1086	864	-1	1	-2
103	76	1086	877	-1	1	-2
103	77	1086	881	-1	1	-2
103	78	1086	891	-1	1	-8
103	79	1086	894	-1	-1	2
103	81	1086	923	-1	1	-2
103	82	1086	927	-1	1	-4
103	83	1086	942	-1	1	-8
103	84	1086	966	-1	-1	2
103	86	1086	978	-1	-1	2
103	88	1086	991	-1	-1	4
103	89	1086	994	-1	-1	12
103	90	1086	996	-1	-1	26
103	92	1086	1028	-1	-1	-2
103	93	1086	1042	-1	-1	6
103	94	1086	1048	-1	-1	12
103	95	1086	1051	-1	-1	18
103	97	1086	1062	-1	-1	18
103	98	1086	1069	-1	-1	4
103	99	1086	1075	-1	-1	28
103	100	1086	1081	-1	-1	4
103	101	1086	1082	-1	-1	22
103	102	1086	1084	-1	-1	108
103	104	1086	1096	-1	-1	10
103	105	1086	1107	-1	-1	68
103	106	1086	1120	-1	-1	8
103	107	1086	1129	-1	-1	118
103	108	1086	1132	-1	-1	96
103	109	1086	1138	-1	-1	84
103	110	1086	1147	-1	1	-26
103	111	1086	1152	-1	1	-42
103	112	1086	1156	-1	1	-28
103	113	1086	1163	-1	1	-32
103	114	1086	1168	-1	1	-6
103	115	1086	1169	-1	1	-4
103	116	1086	1196	-1	-1	24
103	117	1086	1231	-1	-1	2
103	118	1086	1258	-1	-1	4
103	121	1086	1278	-1	1	-12
103	126	1086	1332	-1	1	-2
103	127	1086	1350	-1	1	-20
103	129	1086	1361	-1	-1	-6
103	130	1086	1373	-1	-1	2
103	131	1086	1420	-1	1	-8
103	132	1086	1421	-1	1	4
104	67	1096	788	-1	-1	2
104	79	1096	894	-1	-1	4
104	103	1096	1086	-1	-1	10
104	105	1096	1107	-1	-1	6
104	107	1096	1129	-1	-1	4
104	108	1096	1132	-1	-1	4
105	67	1107	788	-1	-1	4
105	68	1107	809	-1	1	-4
105	73	1107	838	-1	-1	6
105	78	1107	891	-1	1	-2
105	82	1107	927	-1	1	-4
105	93	1107	1042	-1	-1	4
105	97	1107	1062	-1	-1	2
105	102	1107	1084	-1	-1	6
105	103	1107	1086	-1	-1	68
105	104	1107	1096	-1	-1	6
105	107	1107	1129	-1	-1	18
105	108	1107	1132	-1	-1	6
105	110	1107	1147	-1	1	-2
105	112	1107	1156	-1	1	-2
105	113	1107	1163	-1	1	-2
105	119	1107	1273	-1	1	-4
105	131	1107	1420	-1	1	-2
106	88	1120	991	-1	-1	-4
106	103	1120	1086	-1	-1	8
106	107	1120	1129	-1	-1	4
106	108	1120	1132	-1	-1	2
107	68	1129	809	-1	1	-4
107	71	1129	835	-1	-1	8
107	72	1129	837	-1	-1	2
107	73	1129	838	-1	-1	12
107	77	1129	881	-1	1	-2
107	79	1129	894	-1	-1	2
107	86	1129	978	-1	-1	4
107	88	1129	991	-1	-1	2
107	89	1129	994	-1	-1	2
107	90	1129	996	-1	-1	4
107	93	1129	1042	-1	-1	4
107	97	1129	1062	-1	-1	6
107	102	1129	1084	-1	-1	8
107	103	1129	1086	-1	-1	118
107	104	1129	1096	-1	-1	4
107	105	1129	1107	-1	-1	18
107	106	1129	1120	-1	-1	4
107	108	1129	1132	-1	-1	84
107	109	1129	1138	-1	-1	14
107	110	1129	1147	-1	1	-2
107	111	1129	1152	-1	1	-14
107	113	1129	1163	-1	1	-14
107	114	1129	1168	-1	1	-2
107	115	1129	1169	-1	1	-6
107	126	1129	1332	-1	1	-2
107	132	1129	1421	-1	1	-2
108	69	1132	821	-1	-1	4
108	73	1132	838	-1	-1	4
108	74	1132	854	-1	1	-4
108	77	1132	881	-1	1	-2
108	78	1132	891	-1	1	-8
108	86	1132	978	-1	-1	2
108	87	1132	985	-1	-1	2
108	89	1132	994	-1	-1	2
108	94	1132	1048	-1	-1	2
108	96	1132	1059	-1	-1	2
108	97	1132	1062	-1	-1	4
108	99	1132	1075	-1	-1	6
108	102	1132	1084	-1	-1	6
108	103	1132	1086	-1	-1	96
108	104	1132	1096	-1	-1	4
108	105	1132	1107	-1	-1	6
108	106	1132	1120	-1	-1	2
108	107	1132	1129	-1	-1	84
108	109	1132	1138	-1	-1	50
108	110	1132	1147	-1	1	-2
108	111	1132	1152	-1	1	-6
108	112	1132	1156	-1	1	-6
108	113	1132	1163	-1	1	-2
108	114	1132	1168	-1	1	-10
108	115	1132	1169	-1	1	-2
108	116	1132	1196	-1	-1	2
108	132	1132	1421	-1	1	-2
109	72	1138	837	-1	-1	2
109	73	1138	838	-1	-1	10
109	79	1138	894	-1	-1	2
109	82	1138	927	-1	1	-2
109	83	1138	942	-1	1	-2
109	84	1138	966	-1	-1	8
109	87	1138	985	-1	-1	4
109	89	1138	994	-1	-1	2
109	90	1138	996	-1	-1	4
109	91	1138	1014	-1	1	-2
109	93	1138	1042	-1	-1	2
109	97	1138	1062	-1	-1	6
109	98	1138	1069	-1	-1	2
109	102	1138	1084	-1	-1	10
109	103	1138	1086	-1	-1	84
109	107	1138	1129	-1	-1	14
109	108	1138	1132	-1	-1	50
109	110	1138	1147	-1	1	-20
109	111	1138	1152	-1	1	-56
109	112	1138	1156	-1	1	-14
109	113	1138	1163	-1	1	-22
109	114	1138	1168	-1	1	-2
109	116	1138	1196	-1	-1	8
109	126	1138	1332	-1	1	2
109	127	1138	1350	-1	1	-2
110	73	1147	838	1	-1	-2
110	78	1147	891	1	1	4
110	89	1147	994	1	-1	-2
110	90	1147	996	1	-1	-2
110	97	1147	1062	1	-1	-6
110	99	1147	1075	1	-1	-2
110	102	1147	1084	1	-1	-2
110	103	1147	1086	1	-1	-26
110	105	1147	1107	1	-1	-2
110	107	1147	1129	1	-1	-2
110	108	1147	1132	1	-1	-2
110	109	1147	1138	1	-1	-20
110	111	1147	1152	1	1	60
110	112	1147	1156	1	1	36
110	113	1147	1163	1	1	22
110	114	1147	1168	1	1	4
110	116	1147	1196	1	-1	-6
110	131	1147	1420	1	1	2
111	73	1152	838	1	-1	-22
111	74	1152	854	1	1	2
111	75	1152	864	1	1	2
111	78	1152	891	1	1	8
111	82	1152	927	1	1	6
111	83	1152	942	1	1	2
111	87	1152	985	1	-1	-6
111	89	1152	994	1	-1	-8
111	90	1152	996	1	-1	-8
111	97	1152	1062	1	-1	-2
111	99	1152	1075	1	-1	-6
111	100	1152	1081	1	-1	-4
111	101	1152	1082	1	-1	-2
111	102	1152	1084	1	-1	-14
111	103	1152	1086	1	-1	-42
111	107	1152	1129	1	-1	-14
111	108	1152	1132	1	-1	-6
111	109	1152	1138	1	-1	-56
111	110	1152	1147	1	1	60
111	112	1152	1156	1	1	74
111	113	1152	1163	1	1	80
111	114	1152	1168	1	1	8
111	115	1152	1169	1	1	4
111	116	1152	1196	1	-1	-12
111	117	1152	1231	1	-1	-2
111	122	1152	1281	1	1	2
111	127	1152	1350	1	1	2
111	131	1152	1420	1	1	2
111	132	1152	1421	1	1	4
112	73	1156	838	1	-1	-22
112	74	1156	854	1	1	2
112	78	1156	891	1	1	4
112	81	1156	923	1	1	4
112	82	1156	927	1	1	2
112	83	1156	942	1	1	2
112	87	1156	985	1	-1	-10
112	88	1156	991	1	-1	-2
112	93	1156	1042	1	-1	-20
112	97	1156	1062	1	-1	-2
112	99	1156	1075	1	-1	-4
112	100	1156	1081	1	-1	-6
112	101	1156	1082	1	-1	-22
112	102	1156	1084	1	-1	-14
112	103	1156	1086	1	-1	-28
112	105	1156	1107	1	-1	-2
112	108	1156	1132	1	-1	-6
112	109	1156	1138	1	-1	-14
112	110	1156	1147	1	1	36
112	111	1156	1152	1	1	74
112	113	1156	1163	1	1	160
112	114	1156	1168	1	1	10
112	115	1156	1169	1	1	8
112	116	1156	1196	1	-1	-22
112	117	1156	1231	1	-1	-8
112	119	1156	1273	1	1	2
112	121	1156	1278	1	1	10
112	127	1156	1350	1	1	2
112	129	1156	1361	1	-1	-6
113	73	1163	838	1	-1	-4
113	74	1163	854	1	1	2
113	77	1163	881	1	1	6
113	78	1163	891	1	1	2
113	79	1163	894	1	-1	-2
113	80	1163	905	1	-1	-6
113	81	1163	923	1	1	2
113	82	1163	927	1	1	2
113	84	1163	966	1	-1	-12
113	87	1163	985	1	-1	-2
113	88	1163	991	1	-1	-4
113	89	1163	994	1	-1	-4
113	90	1163	996	1	-1	-6
113	91	1163	1014	1	1	4
113	92	1163	1028	1	-1	-2
113	93	1163	1042	1	-1	-20
113	97	1163	1062	1	-1	-16
113	99	1163	1075	1	-1	-6
113	100	1163	1081	1	-1	-2
113	101	1163	1082	1	-1	-8
113	102	1163	1084	1	-1	-14
113	103	1163	1086	1	-1	-32
113	105	1163	1107	1	-1	-2
113	107	1163	1129	1	-1	-14
113	108	1163	1132	1	-1	-2
113	109	1163	1138	1	-1	-22
113	110	1163	1147	1	1	22
113	111	1163	1152	1	1	80
113	112	1163	1156	1	1	160
113	114	1163	1168	1	1	64
113	115	1163	1169	1	1	46
113	116	1163	1196	1	-1	-96
113	117	1163	1231	1	-1	-4
113	118	1163	1258	1	-1	-2
113	121	1163	1278	1	1	12
113	123	1163	1290	1	1	2
113	124	1163	1302	1	-1	-6
113	125	1163	1314	1	-1	-12
113	126	1163	1332	1	1	8
113	127	1163	1350	1	1	14
113	129	1163	1361	1	-1	12
113	131	1163	1420	1	1	8
113	132	1163	1421	1	1	8
114	89	1168	994	1	-1	-10
114	90	1168	996	1	-1	-6
114	91	1168	1014	1	1	6
114	99	1168	1075	1	-1	-2
114	101	1168	1082	1	-1	-6
114	102	1168	1084	1	-1	-6
114	103	1168	1086	1	-1	-6
114	107	1168	1129	1	-1	-2
114	108	1168	1132	1	-1	-10
114	109	1168	1138	1	-1	-2
114	110	1168	1147	1	1	4
114	111	1168	1152	1	1	8
114	112	1168	1156	1	1	10
114	113	1168	1163	1	1	64
114	115	1168	1169	1	1	42
114	116	1168	1196	1	-1	-14
114	117	1168	1231	1	-1	-2
114	119	1168	1273	1	1	4
114	121	1168	1278	1	1	2
114	123	1168	1290	1	1	2
115	79	1169	894	1	-1	-4
115	94	1169	1048	1	-1	-2
115	102	1169	1084	1	-1	-8
115	103	1169	1086	1	-1	-4
115	107	1169	1129	1	-1	-6
115	108	1169	1132	1	-1	-2
115	111	1169	1152	1	1	4
115	112	1169	1156	1	1	8
115	113	1169	1163	1	1	46
115	114	1169	1168	1	1	42
115	116	1169	1196	1	-1	-8
115	121	1169	1278	1	1	4
115	126	1169	1332	1	1	4
115	131	1169	1420	1	1	2
116	78	1196	891	-1	1	-12
116	79	1196	894	-1	-1	4
116	83	1196	942	-1	1	-2
116	84	1196	966	-1	-1	10
116	88	1196	991	-1	-1	6
116	89	1196	994	-1	-1	6
116	90	1196	996	-1	-1	4
116	92	1196	1028	-1	-1	2
116	93	1196	1042	-1	-1	22
116	96	1196	1059	-1	-1	2
116	97	1196	1062	-1	-1	4
116	98	1196	1069	-1	-1	4
116	101	1196	1082	-1	-1	6
116	102	1196	1084	-1	-1	24
116	103	1196	1086	-1	-1	24
116	108	1196	1132	-1	-1	2
116	109	1196	1138	-1	-1	8
116	110	1196	1147	-1	1	-6
116	111	1196	1152	-1	1	-12
116	112	1196	1156	-1	1	-22
116	113	1196	1163	-1	1	-96
116	114	1196	1168	-1	1	-14
116	115	1196	1169	-1	1	-8
116	117	1196	1231	-1	-1	20
116	119	1196	1273	-1	1	-14
116	120	1196	1277	-1	1	-4
116	121	1196	1278	-1	1	-10
116	123	1196	1290	-1	1	-6
116	126	1196	1332	-1	1	-14
116	127	1196	1350	-1	1	-10
116	132	1196	1421	-1	1	-8
117	93	1231	1042	-1	-1	2
117	103	1231	1086	-1	-1	2
117	111	1231	1152	-1	1	-2
117	112	1231	1156	-1	1	-8
117	113	1231	1163	-1	1	-4
117	114	1231	1168	-1	1	-2
117	116	1231	1196	-1	-1	20
117	118	1231	1258	-1	-1	16
117	119	1231	1273	-1	1	-2
117	121	1231	1278	-1	1	-2
117	124	1231	1302	-1	-1	4
118	86	1258	978	-1	-1	4
118	90	1258	996	-1	-1	-4
118	93	1258	1042	-1	-1	10
118	99	1258	1075	-1	-1	-2
118	102	1258	1084	-1	-1	2
118	103	1258	1086	-1	-1	4
118	113	1258	1163	-1	1	-2
118	117	1258	1231	-1	-1	16
118	119	1258	1273	-1	1	-12
118	120	1258	1277	-1	1	-4
118	127	1258	1350	-1	1	-2
119	86	1273	978	1	-1	-4
119	90	1273	996	1	-1	-4
119	93	1273	1042	1	-1	-8
119	102	1273	1084	1	-1	-4
119	105	1273	1107	1	-1	-4
119	112	1273	1156	1	1	2
119	114	1273	1168	1	1	4
119	116	1273	1196	1	-1	-14
119	117	1273	1231	1	-1	-2
119	118	1273	1258	1	-1	-12
119	120	1273	1277	1	1	6
119	121	1273	1278	1	1	12
119	122	1273	1281	1	1	2
119	123	1273	1290	1	1	2
119	126	1273	1332	1	1	12
119	127	1273	1350	1	1	10
119	131	1273	1420	1	1	2
119	132	1273	1421	1	1	12
120	86	1277	978	1	-1	-2
120	93	1277	1042	1	-1	-2
120	101	1277	1082	1	-1	-2
120	116	1277	1196	1	-1	-4
120	118	1277	1258	1	-1	-4
120	119	1277	1273	1	1	6
120	121	1277	1278	1	1	12
120	126	1277	1332	1	1	2
120	127	1277	1350	1	1	2
120	132	1277	1421	1	1	6
121	90	1278	996	1	-1	-2
121	91	1278	1014	1	1	4
121	93	1278	1042	1	-1	-4
121	103	1278	1086	1	-1	-12
121	112	1278	1156	1	1	10
121	113	1278	1163	1	1	12
121	114	1278	1168	1	1	2
121	115	1278	1169	1	1	4
121	116	1278	1196	1	-1	-10
121	117	1278	1231	1	-1	-2
121	119	1278	1273	1	1	12
121	120	1278	1277	1	1	12
121	122	1278	1281	1	1	20
121	123	1278	1290	1	1	2
121	124	1278	1302	1	-1	-10
121	125	1278	1314	1	-1	4
121	126	1278	1332	1	1	20
121	127	1278	1350	1	1	4
121	129	1278	1361	1	-1	-6
121	131	1278	1420	1	1	4
121	132	1278	1421	1	1	14
122	111	1281	1152	1	1	2
122	119	1281	1273	1	1	2
122	121	1281	1278	1	1	20
122	127	1281	1350	1	1	4
122	129	1281	1361	1	-1	-2
123	90	1290	996	1	-1	-2
123	113	1290	1163	1	1	2
123	114	1290	1168	1	1	2
123	116	1290	1196	1	-1	-6
123	119	1290	1273	1	1	2
123	121	1290	1278	1	1	2
123	124	1290	1302	1	-1	-8
123	126	1290	1332	1	1	12
123	127	1290	1350	1	1	4
123	129	1290	1361	1	-1	-2
123	132	1290	1421	1	1	2
124	113	1302	1163	-1	1	-6
124	117	1302	1231	-1	-1	4
124	121	1302	1278	-1	1	-10
124	123	1302	1290	-1	1	-8
124	126	1302	1332	-1	1	-8
124	127	1302	1350	-1	1	-6
124	131	1302	1420	-1	1	-2
125	113	1314	1163	-1	1	-12
125	121	1314	1278	-1	1	4
126	90	1332	996	1	-1	-2
126	91	1332	1014	1	1	2
126	93	1332	1042	1	-1	-4
126	97	1332	1062	1	-1	-4
126	102	1332	1084	1	-1	-4
126	103	1332	1086	1	-1	-2
126	107	1332	1129	1	-1	-2
126	109	1332	1138	1	-1	2
126	113	1332	1163	1	1	8
126	115	1332	1169	1	1	4
126	116	1332	1196	1	-1	-14
126	119	1332	1273	1	1	12
126	120	1332	1277	1	1	2
126	121	1332	1278	1	1	20
126	123	1332	1290	1	1	12
126	124	1332	1302	1	-1	-8
126	127	1332	1350	1	1	62
126	128	1332	1356	1	-1	-4
126	129	1332	1361	1	-1	-20
126	130	1332	1373	1	-1	-2
126	131	1332	1420	1	1	8
126	132	1332	1421	1	1	12
126	133	1332	1427	1	-1	-4
127	88	1350	991	1	-1	-2
127	89	1350	994	1	-1	-2
127	90	1350	996	1	-1	-2
127	91	1350	1014	1	1	4
127	93	1350	1042	1	-1	-2
127	94	1350	1048	1	-1	-4
127	95	1350	1051	1	-1	-2
127	97	1350	1062	1	-1	-4
127	99	1350	1075	1	-1	-2
127	102	1350	1084	1	-1	-4
127	103	1350	1086	1	-1	-20
127	109	1350	1138	1	-1	-2
127	111	1350	1152	1	1	2
127	112	1350	1156	1	1	2
127	113	1350	1163	1	1	14
127	116	1350	1196	1	-1	-10
127	118	1350	1258	1	-1	-2
127	119	1350	1273	1	1	10
127	120	1350	1277	1	1	2
127	121	1350	1278	1	1	4
127	122	1350	1281	1	1	4
127	123	1350	1290	1	1	4
127	124	1350	1302	1	-1	-6
127	126	1350	1332	1	1	62
127	128	1350	1356	1	-1	-6
127	129	1350	1361	1	-1	-138
127	130	1350	1373	1	-1	-8
127	131	1350	1420	1	1	16
127	132	1350	1421	1	1	6
127	133	1350	1427	1	-1	-2
128	126	1356	1332	-1	1	-4
128	127	1356	1350	-1	1	-6
128	129	1356	1361	-1	-1	6
128	133	1356	1427	-1	-1	2
129	90	1361	996	-1	-1	6
129	93	1361	1042	-1	-1	8
129	101	1361	1082	-1	-1	4
129	102	1361	1084	-1	-1	4
129	103	1361	1086	-1	-1	-6
129	112	1361	1156	-1	1	-6
129	113	1361	1163	-1	1	12
129	121	1361	1278	-1	1	-6
129	122	1361	1281	-1	1	-2
129	123	1361	1290	-1	1	-2
129	126	1361	1332	-1	1	-20
129	127	1361	1350	-1	1	-138
129	128	1361	1356	-1	-1	6
129	130	1361	1373	-1	-1	2
129	131	1361	1420	-1	1	-14
129	132	1361	1421	-1	1	-18
130	93	1373	1042	-1	-1	2
130	94	1373	1048	-1	-1	8
130	103	1373	1086	-1	-1	2
130	126	1373	1332	-1	1	-2
130	127	1373	1350	-1	1	-8
130	129	1373	1361	-1	-1	2
130	131	1373	1420	-1	1	-2
130	132	1373	1421	-1	1	-2
131	93	1420	1042	1	-1	-2
131	97	1420	1062	1	-1	2
131	99	1420	1075	1	-1	-4
131	102	1420	1084	1	-1	-2
131	103	1420	1086	1	-1	-8
131	105	1420	1107	1	-1	-2
131	110	1420	1147	1	1	2
131	111	1420	1152	1	1	2
131	113	1420	1163	1	1	8
131	115	1420	1169	1	1	2
131	119	1420	1273	1	1	2
131	121	1420	1278	1	1	4
131	124	1420	1302	1	-1	-2
131	126	1420	1332	1	1	8
131	127	1420	1350	1	1	16
131	129	1420	1361	1	-1	-14
131	130	1420	1373	1	-1	-2
131	132	1420	1421	1	1	64
131	133	1420	1427	1	-1	-12
132	90	1421	996	1	-1	-2
132	91	1421	1014	1	1	2
132	93	1421	1042	1	-1	-10
132	98	1421	1069	1	-1	-2
132	100	1421	1081	1	-1	-4
132	102	1421	1084	1	-1	-4
132	103	1421	1086	1	-1	4
132	107	1421	1129	1	-1	-2
132	108	1421	1132	1	-1	-2
132	111	1421	1152	1	1	4
132	113	1421	1163	1	1	8
132	116	1421	1196	1	-1	-8
132	119	1421	1273	1	1	12
132	120	1421	1277	1	1	6
132	121	1421	1278	1	1	14
132	123	1421	1290	1	1	2
132	126	1421	1332	1	1	12
132	127	1421	1350	1	1	6
132	129	1421	1361	1	-1	-18
132	130	1421	1373	1	-1	-2
132	131	1421	1420	1	1	64
132	133	1421	1427	1	-1	-18
133	93	1427	1042	-1	-1	2
133	126	1427	1332	-1	1	-4
133	127	1427	1350	-1	1	-2
133	128	1427	1356	-1	-1	2
133	131	1427	1420	-1	1	-12
133	132	1427	1421	-1	1	-18
